736.705	0.773865
737.705	0.894044
738.705	0.798902
739.705	0.834971
740.705	0.846025
741.705	0.804528
742.705	0.792937
743.705	0.843469
744.705	0.857956
745.705	0.799179
746.705	0.831849
747.705	0.844000
748.705	0.753144
749.705	0.824051
750.705	0.696169
751.705	0.791437
752.705	0.916153
753.705	0.751721
754.705	0.754351
755.706	0.824097
756.706	0.816595
757.706	0.697858
758.706	0.748706
759.706	0.767731
760.706	0.826804
761.706	0.907853
762.706	0.866762
763.706	0.843469
764.706	0.783483
765.706	0.741995
766.706	0.875099
767.706	0.755917
768.706	0.854640
769.706	0.814600
770.706	0.830313
771.706	0.776074
772.706	0.779513
773.706	0.823664
774.706	0.768809
775.706	0.852203
776.706	0.786962
777.707	0.809891
778.707	0.833984
779.707	0.810567
780.707	0.903240
781.707	0.952424
782.707	0.879094
783.707	0.805720
784.707	0.791240
785.707	0.749057
786.707	0.803403
787.707	0.919070
788.707	0.808777
789.707	0.882845
790.707	0.784557
791.707	0.796367
792.707	0.803097
793.707	0.777246
794.707	0.800745
795.708	0.801456
796.708	0.769755
797.708	0.773427
798.708	0.849561
799.708	0.792252
800.708	0.847276
801.708	0.875547
802.708	0.789461
803.708	0.806805
804.708	0.830363
805.708	0.952591
806.708	0.785897
807.708	0.783107
808.708	0.838120
809.708	0.899744
810.708	0.850735
811.708	0.792667
812.708	0.885835
813.708	0.804187
814.708	0.834869
815.708	0.935479
816.709	0.846271
817.709	0.788024
818.709	0.843519
819.709	0.804416
820.709	0.787373
821.709	0.768451
822.709	0.844240
823.709	0.879571
824.709	0.861464
825.709	0.832933
826.709	0.803818
827.709	0.894217
828.709	0.855661
829.709	0.817311
830.709	0.798228
831.709	0.782640
832.709	0.725837
833.709	0.750570
834.709	0.818031
835.710	0.896233
836.710	0.849248
837.710	0.797343
838.710	0.830205
839.710	0.874691
840.710	0.825659
841.710	0.808836
842.710	0.794079
843.710	0.832656
844.710	0.865205
845.710	0.875311
846.710	0.807602
847.710	0.822832
848.710	0.849032
849.710	0.858401
850.710	0.711291
851.710	0.845282
852.710	0.878585
853.711	0.794163
854.711	0.832681
855.711	0.759372
856.711	0.874896
857.711	0.835025
858.711	0.828516
859.711	0.860539
860.711	0.829010
861.711	0.901909
862.711	0.813534
863.711	0.817590
864.711	0.877986
865.711	0.771614
866.711	0.896569
867.711	0.787765
868.711	0.899262
869.711	0.803703
870.711	0.776725
871.711	0.767150
872.711	0.833709
873.711	0.837206
874.712	0.832681
875.712	0.945344
876.712	0.752162
877.712	0.861566
878.712	0.752376
879.712	0.788563
880.712	0.777251
881.712	0.814040
882.712	0.803299
883.712	0.872942
884.712	0.860474
885.712	0.839234
886.712	0.850570
887.712	0.859690
888.712	0.871435
889.712	0.870862
890.712	0.806351
891.712	0.843818
892.713	0.770981
893.713	0.822106
894.713	0.869182
895.713	0.831070
896.713	0.806666
897.713	0.765639
898.713	0.728677
899.713	0.839009
900.713	0.889889
901.713	0.822832
902.713	0.909014
903.713	0.780781
904.713	0.873106
905.713	0.818624
906.713	0.864962
907.713	0.712133
908.713	0.889148
909.713	0.805998
910.713	0.851852
911.714	0.818280
912.714	0.807099
913.714	0.845179
914.714	0.836020
915.714	0.823103
916.714	0.755792
917.714	0.866119
918.714	0.766641
919.714	0.745567
920.714	0.914071
921.714	0.857024
922.714	0.817160
923.714	0.765942
924.714	0.814304
925.714	0.835589
926.714	0.848357
927.714	0.847914
928.714	0.829242
929.714	0.763978
930.714	0.783401
931.714	0.821726
932.714	0.879634
933.715	0.870549
934.715	0.727623
935.715	0.832671
936.715	0.926767
937.715	0.805129
938.715	0.975112
939.715	0.812859
940.715	0.746838
941.715	0.868608
942.715	0.936320
943.715	0.875072
944.715	0.815350
945.715	0.796129
946.715	0.833470
947.716	0.886662
948.716	0.828293
949.716	0.825457
950.716	0.855588
951.716	0.786735
952.716	0.880734
953.716	0.727065
954.716	0.909940
955.716	0.905364
956.716	0.839671
957.716	0.886865
958.716	0.866556
959.716	0.839234
960.716	0.749800
961.716	0.822538
962.716	0.869972
963.716	0.822638
964.716	0.822009
965.716	0.876769
966.716	0.909304
967.716	0.899914
968.716	0.835063
969.717	0.859360
970.717	0.893892
971.717	0.947142
972.717	0.821935
973.717	0.879955
974.717	0.902148
975.717	0.827115
976.717	0.839671
977.717	0.914163
978.717	0.881849
979.717	0.901132
980.717	0.902814
981.717	0.805221
982.717	0.857993
983.717	0.903599
984.717	0.843319
985.717	0.991158
986.718	0.931760
987.718	0.856562
988.718	0.957227
989.718	0.789977
990.718	0.961438
991.718	0.923899
992.718	1.022080
993.718	0.922373
994.718	0.874687
995.718	0.806482
996.718	0.845179
997.718	0.976170
998.718	0.942517
999.718	0.915300
1000.720	0.956798
1001.720	0.825074
1002.720	0.842236
1003.720	0.980886
1004.720	0.979779
1005.720	0.763978
1006.720	0.814828
1007.720	0.930357
1008.720	0.845901
1009.720	0.946440
1010.720	0.986451
1011.720	0.858628
1012.720	0.832120
1013.720	0.946763
1014.720	0.903824
1015.720	0.913043
1016.720	0.893199
1017.720	0.959112
1018.720	1.044480
1019.720	0.825805
1020.720	0.986123
1021.720	0.912822
1022.720	0.934426
1023.720	0.968504
1024.720	0.922150
1025.720	0.871852
1026.720	0.959965
1027.720	0.893597
1028.720	1.007040
1029.720	1.046550
1030.720	0.872193
1031.720	0.948458
1032.720	0.969991
1033.720	0.848927
1034.720	0.910370
1035.720	0.886346
1036.720	0.943347
1037.720	0.901253
1038.720	0.868687
1039.720	1.046390
1040.720	0.961838
1041.720	0.960783
1042.720	1.007020
1043.720	0.935597
1044.720	0.875318
1045.720	0.867239
1046.720	1.071250
1047.720	1.041480
1048.720	0.965172
1049.720	0.895259
1050.720	0.868311
1051.720	1.039070
1052.720	1.003600
1053.720	1.000000
1054.720	0.964314
1055.720	0.930469
1056.720	0.887878
1057.720	0.926042
1058.720	1.003410
1059.720	0.917330
1060.720	1.034640
1061.720	0.864486
1062.720	0.875527
1063.720	0.879279
1064.720	0.905076
1065.720	0.959966
1066.720	0.868358
1067.720	0.856296
1068.720	0.985853
1069.720	0.947507
1070.720	0.860767
1071.720	0.839414
1072.720	0.923533
1073.720	0.912175
1074.720	0.888429
1075.720	1.024410
1076.720	1.007290
1077.720	0.922304
1078.720	0.915371
1079.720	1.061600
1080.720	0.935158
1081.720	0.964063
1082.720	1.025480
1083.720	0.994778
1084.720	0.924399
1085.720	0.889344
1086.720	0.917018
1087.720	0.942559
1088.720	1.010610
1089.720	0.936788
1090.720	0.953677
1091.720	0.963190
1092.720	0.955055
1093.720	0.923014
1094.720	0.887890
1095.720	1.005200
1096.720	0.948408
1097.720	0.954743
1098.720	0.911036
1099.720	0.974809
1100.720	0.978282
1101.720	0.882845
1102.720	0.996463
1103.720	1.005520
1104.720	0.846893
1105.720	0.892188
1106.720	0.906861
1107.720	0.908706
1108.720	0.966802
1109.720	0.968668
1110.720	0.940384
1111.720	0.874896
1112.720	0.968057
1113.720	1.012720
1114.720	0.973522
1115.720	0.888970
1116.720	0.888021
1117.720	0.877380
1118.720	0.985977
1119.720	1.014270
1120.720	0.943054
1121.720	0.975374
1122.720	0.891140
1123.720	0.925995
1124.720	0.973890
1125.720	0.888062
1126.720	1.019590
1127.720	1.027300
1128.720	0.982348
1129.720	0.926932
1130.720	0.908228
1131.720	0.929613
1132.720	0.874057
1133.720	0.938483
1134.730	0.942863
1135.730	0.965126
1136.730	1.055020
1137.730	0.875569
1138.730	0.876717
1139.730	0.939746
1140.730	0.856099
1141.730	0.949168
1142.730	0.970618
1143.730	0.935427
1144.730	0.880039
1145.730	0.926284
1146.730	0.859447
1147.730	0.852578
1148.730	0.906383
1149.730	0.936042
1150.730	1.032960
1151.730	0.855345
1152.730	0.944950
1153.730	0.884724
1154.730	0.818186
1155.730	0.882156
1156.730	0.836630
1157.730	0.957300
1158.730	0.826029
1159.730	0.933047
1160.730	0.877745
1161.730	1.047410
1162.730	1.025020
1163.730	0.871520
1164.730	0.878636
1165.730	1.044060
1166.730	0.850941
1167.730	0.888612
1168.730	0.840631
1169.730	0.838781
1170.730	0.958298
1171.730	0.949134
1172.730	0.911737
1173.730	0.901022
1174.730	0.919863
1175.730	0.851965
1176.730	0.816175
1177.730	0.860625
1178.730	0.935146
1179.730	0.967548
1180.730	0.926724
1181.730	0.863525
1182.730	0.861840
1183.730	0.836296
1184.730	0.871081
1185.730	0.991111
1186.730	0.898734
1187.730	0.948720
1188.730	0.919357
1189.730	0.942322
1190.730	0.989160
1191.730	0.939810
1192.730	0.921072
1193.730	0.964314
1194.730	0.835348
1195.730	0.959491
1196.730	0.850452
1197.730	0.892831
1198.730	0.880958
1199.730	0.887279
1200.730	0.965859
1201.730	0.948585
1202.730	0.878250
1203.730	0.902826
1204.730	0.850837
1205.730	0.910051
1206.730	1.000000
1207.730	0.920270
1208.730	0.906066
1209.730	0.846022
1210.730	0.876743
1211.730	0.952259
1212.730	0.853877
1213.730	0.875104
1214.730	0.974243
1215.730	0.747430
1216.730	0.819760
1217.730	0.857485
1218.730	0.896683
1219.730	0.857520
1220.730	0.821225
1221.730	0.843365
1222.730	0.836468
1223.730	0.834563
1224.730	0.850452
1225.730	0.895359
1226.730	0.954822
1227.730	0.868634
1228.730	0.832356
1229.730	0.861897
1230.730	0.923920
1231.730	0.845775
1232.730	0.802390
1233.730	0.823856
1234.730	0.937781
1235.730	0.957589
1236.730	0.974682
1237.730	0.968282
1238.730	0.971905
1239.730	0.832928
1240.730	1.000000
1241.730	0.863521
1242.730	0.843987
1243.730	0.794250
1244.730	0.855102
1245.730	0.848003
1246.730	0.939289
1247.730	0.856787
1248.730	0.843468
1249.730	0.827115
1250.730	0.849870
1251.730	0.834329
1252.730	0.798580
1253.730	0.750168
1254.730	0.873882
1255.730	0.893199
1256.730	0.826503
1257.730	0.978705
1258.730	0.805074
1259.730	0.849103
1260.730	0.915918
1261.730	0.787373
1262.730	0.921204
1263.730	0.956798
1264.730	0.844056
1265.730	0.798336
1266.730	1.013740
1267.730	0.878231
1268.730	0.782730
1269.730	0.882545
1270.730	0.811853
1271.730	0.897916
1272.730	0.825538
1273.730	0.838120
1274.730	0.846779
1275.730	0.831270
1276.730	0.877698
1277.730	0.881478
1278.730	0.836435
1279.730	0.807666
1280.730	0.792999
1281.730	0.798464
1282.730	0.938544
1283.730	0.972948
1284.730	0.845772
1285.730	0.824579
1286.730	0.820755
1287.730	0.886300
1288.730	0.942944
1289.730	0.801113
1290.730	0.838950
1291.730	0.807414
1292.730	0.837886
1293.730	0.864126
1294.730	0.733434
1295.730	0.909608
1296.730	0.760003
1297.730	0.822909
1298.730	0.917597
1299.730	0.826090
1300.730	0.971111
1301.730	0.914216
1302.730	0.970704
1303.730	0.892165
1304.730	0.934651
1305.730	0.803703
1306.730	0.893748
1307.730	0.898246
1308.730	0.890914
1309.730	0.854120
1310.730	0.791240
1311.730	0.949521
1312.730	0.886118
1313.730	0.808723
1314.730	0.865887
1315.730	0.896073
1316.730	0.965723
1317.730	0.869663
1318.730	0.796468
1319.730	0.830404
1320.730	0.849635
1321.730	0.829988
1322.730	0.893110
1323.730	0.798883
1324.730	0.901366
1325.730	0.872777
1326.730	0.881459
1327.730	0.822557
1328.730	0.892239
1329.740	0.920813
1330.740	0.885426
1331.740	0.805484
1332.740	0.929250
1333.740	0.910138
1334.740	0.940926
1335.740	0.909480
1336.740	0.883072
1337.740	0.817888
1338.740	0.784149
1339.740	0.841293
1340.740	0.804873
1341.740	0.861553
1342.740	0.861173
1343.740	0.888791
1344.740	0.898367
1345.740	0.864297
1346.740	0.890454
1347.740	0.809525
1348.740	0.910731
1349.740	0.828725
1350.740	0.894124
1351.740	0.918262
1352.740	0.816658
1353.740	0.906628
1354.740	0.870080
1355.740	0.940343
1356.740	0.839804
1357.740	0.789563
1358.740	0.878636
1359.740	0.877738
1360.740	0.837000
1361.740	0.863221
1362.740	0.891801
1363.740	0.838950
1364.740	0.768122
1365.740	0.841549
1366.740	0.744840
1367.740	0.950868
1368.740	0.854482
1369.740	0.910578
1370.740	0.777055
1371.740	0.836771
1372.740	0.834520
1373.740	0.929924
1374.740	0.835123
1375.740	0.799221
1376.740	0.826272
1377.740	0.832927
1378.740	0.871602
1379.740	0.771204
1380.740	0.826503
1381.740	0.859721
1382.740	0.887432
1383.740	0.901778
1384.740	0.815213
1385.740	0.858854
1386.740	0.958223
1387.740	0.884903
1388.740	0.809853
1389.740	0.872676
1390.740	0.795419
1391.740	0.954743
1392.740	0.855398
1393.740	0.836371
1394.740	0.846378
1395.740	0.923384
1396.740	0.794885
1397.740	0.894735
1398.740	0.773665
1399.740	0.825469
1400.740	0.785897
1401.740	0.832120
1402.740	0.857030
1403.740	0.899048
1404.740	0.829616
1405.740	0.929144
1406.740	0.771835
1407.740	0.893386
1408.740	0.832667
1409.740	0.765442
1410.740	0.867101
1411.740	0.817160
1412.740	0.878396
1413.740	0.822909
1414.740	0.877177
1415.740	0.815350
1416.740	0.916455
1417.740	0.772062
1418.740	0.788734
1419.740	0.885335
1420.740	0.853298
1421.740	0.800779
1422.740	0.786410
1423.740	0.927301
1424.740	0.796850
1425.740	0.845133
1426.740	0.765371
1427.740	0.831578
1428.740	0.791052
1429.740	0.817888
1430.740	0.783810
1431.740	0.818599
1432.740	0.778072
1433.740	0.784275
1434.740	0.790615
1435.740	0.982593
1436.740	0.737107
1437.740	0.805129
1438.740	0.864067
1439.740	0.823291
1440.740	0.827911
1441.740	0.930737
1442.740	0.851249
1443.740	0.876278
1444.740	0.742040
1445.740	0.787754
1446.740	0.779382
1447.740	0.846263
1448.740	0.859032
1449.740	0.833942
1450.740	0.862696
1451.740	0.840068
1452.740	0.852095
1453.740	0.702940
1454.740	0.862534
1455.740	0.744354
1456.740	0.848108
1457.740	0.799837
1458.740	0.768807
1459.740	0.737711
1460.740	0.752936
1461.740	0.741349
1462.740	0.838103
1463.740	0.872620
1464.740	0.857027
1465.740	0.786929
1466.740	0.838137
1467.740	0.769281
1468.740	0.784420
1469.740	0.802037
1470.740	0.806341
1471.740	0.803097
1472.740	0.803882
1473.740	0.887629
1474.740	0.767707
1475.740	0.890111
1476.740	0.865887
1477.740	0.866004
1478.740	0.785205
1479.740	0.818936
1480.740	0.749421
1481.740	0.809751
1482.740	0.839671
1483.740	0.816463
1484.740	0.785775
1485.740	0.922348
1486.740	0.917738
1487.740	0.860539
1488.740	0.876917
1489.740	0.814608
1490.740	0.795399
1491.740	0.848162
1492.740	0.862630
1493.740	0.842658
1494.740	0.856107
1495.740	0.864755
1496.740	0.882156
1497.740	0.799187
1498.740	0.881644
1499.740	0.845901
1500.740	0.801948
1501.740	0.856791
1502.740	0.776762
1503.740	0.871889
1504.740	0.718206
1505.740	0.808910
1506.740	0.766967
1507.740	0.904435
1508.740	0.888239
1509.740	0.780829
1510.740	0.861553
1511.740	0.787846
1512.740	0.815644
1513.740	0.804490
1514.740	0.825023
1515.740	0.752957
1516.740	0.754982
1517.740	0.886788
1518.740	0.807291
1519.740	0.837710
1520.740	0.807538
1521.740	0.843009
1522.740	0.858730
1523.750	0.766222
1524.750	0.868224
1525.750	0.788321
1526.750	0.749425
1527.750	0.848409
1528.750	0.838421
1529.750	0.841805
1530.750	0.894910
1531.750	0.820163
1532.750	0.852255
1533.750	0.835348
1534.750	0.904918
1535.750	1.012190
1536.750	0.777935
1537.750	0.762370
1538.750	0.853145
1539.750	0.745255
1540.750	0.828073
1541.750	0.840122
1542.750	0.770931
1543.750	0.810137
1544.750	0.816204
1545.750	0.936230
1546.750	0.833447
1547.750	0.986050
1548.750	0.854691
1549.750	0.888201
1550.750	0.743920
1551.750	0.957300
1552.750	0.861367
1553.750	0.733518
1554.750	0.848504
1555.750	0.794670
1556.750	0.755228
1557.750	0.858854
1558.750	0.823099
1559.750	0.936398
1560.750	0.825326
1561.750	0.792252
1562.750	0.912087
1563.750	0.852337
1564.750	0.900393
1565.750	0.861672
1566.750	0.840042
1567.750	0.757478
1568.750	0.859080
1569.750	0.721317
1570.750	0.801648
1571.750	0.854950
1572.750	0.800442
1573.750	0.757015
1574.750	0.796115
1575.750	0.913122
1576.750	0.811017
1577.750	0.778295
1578.750	0.817738
1579.750	0.826354
1580.750	0.843469
1581.750	0.814722
1582.750	0.840810
1583.750	0.762571
1584.750	0.840704
1585.750	0.810835
1586.750	0.809769
1587.750	0.865364
1588.750	0.825023
1589.750	0.784671
1590.750	0.861042
1591.750	0.937760
1592.750	0.837307
1593.750	0.824853
1594.750	0.885664
1595.750	0.873085
1596.750	0.842725
1597.750	0.838685
1598.750	0.879899
1599.750	0.862343
1600.750	0.762139
1601.750	0.741048
1602.750	0.890757
1603.750	0.847324
1604.750	0.831826
1605.750	0.908085
1606.750	0.850038
1607.750	0.785775
1608.750	0.807414
1609.750	0.878278
1610.750	0.834317
1611.750	0.895238
1612.750	0.796843
1613.750	0.817888
1614.750	0.849303
1615.750	0.916044
1616.750	0.952424
1617.750	0.786765
1618.750	0.822638
1619.750	0.824616
1620.750	0.761427
1621.750	0.783401
1622.750	0.783704
1623.750	0.803357
1624.750	0.772617
1625.750	0.782771
1626.750	0.749434
1627.750	0.823292
1628.750	0.762006
1629.750	0.825805
1630.750	0.780688
1631.750	0.824616
1632.750	0.861780
1633.750	0.917989
1634.750	0.936566
1635.750	0.887180
1636.750	0.821935
1637.750	0.857020
1638.750	0.791681
1639.750	0.844644
1640.750	0.816486
1641.750	0.949364
1642.750	0.813976
1643.750	0.802840
1644.750	0.742655
1645.750	0.868054
1646.750	0.817160
1647.750	0.810402
1648.750	0.792401
1649.750	0.844918
1650.750	0.779275
1651.750	0.843818
1652.750	0.831849
1653.750	0.770898
1654.750	0.821793
1655.750	0.791937
1656.750	0.710190
1657.750	0.818936
1658.750	0.756689
1659.750	0.832120
1660.750	0.774785
1661.750	0.775419
1662.750	0.922373
1663.750	0.800787
1664.750	0.815386
1665.750	0.805085
1666.750	0.828810
1667.750	0.834578
1668.750	0.767480
1669.750	0.764963
1670.750	0.828928
1671.750	0.790973
1672.750	0.934396
1673.750	0.808600
1674.750	0.811139
1675.750	0.857028
1676.750	0.810988
1677.750	0.846145
1678.750	0.827000
1679.750	0.858173
1680.750	0.793261
1681.750	0.807593
1682.750	0.814894
1683.750	0.784399
1684.750	0.879641
1685.750	0.844502
1686.750	0.825592
1687.750	0.754060
1688.750	0.792775
1689.750	0.793631
1690.750	0.805439
1691.750	0.915007
1692.750	0.810442
1693.750	0.891801
1694.750	0.763088
1695.750	0.822478
1696.750	0.840593
1697.750	0.843670
1698.750	0.764871
1699.750	0.919452
1700.750	0.803639
1701.750	0.815063
1702.750	0.843716
1703.750	0.843818
1704.750	0.797958
1705.750	0.784109
1706.750	0.819053
1707.750	0.777914
1708.750	0.798621
1709.750	0.835143
1710.750	0.843365
1711.750	0.858233
1712.750	0.847077
1713.750	0.888607
1714.750	0.846388
1715.760	0.816175
1716.760	0.783891
1717.760	0.839476
1718.760	0.767247
1719.760	0.826595
1720.760	0.866548
1721.760	1.000000
1722.760	0.780930
1723.760	0.740795
1724.760	0.774785
1725.760	0.949168
1726.760	0.792263
1727.760	0.761944
1728.760	0.901366
1729.760	0.754785
1730.760	0.868527
1731.760	0.840559
1732.760	0.874300
1733.760	0.809869
1734.760	0.764963
1735.760	0.857258
1736.760	0.765609
1737.760	0.842475
1738.760	0.766686
1739.760	0.728703
1740.760	0.818899
1741.760	0.779168
1742.760	0.989717
1743.760	0.812052
1744.760	0.823753
1745.760	0.767815
1746.760	0.858033
1747.760	0.837886
1748.760	0.774747
1749.760	0.795531
1750.760	0.767823
1751.760	0.768575
1752.760	0.766769
1753.760	0.858899
1754.760	0.865296
1755.760	0.819074
1756.760	0.827279
1757.760	0.780363
1758.760	0.836962
1759.760	0.791559
1760.760	0.784177
1761.760	0.829130
1762.760	0.817600
1763.760	0.809593
1764.760	0.753253
1765.760	0.874274
1766.760	0.795433
1767.760	0.794121
1768.760	0.810925
1769.760	0.854765
1770.760	0.805136
1771.760	0.848776
1772.760	0.840282
1773.760	0.745333
1774.760	0.787330
1775.760	0.845116
1776.760	0.720361
1777.760	0.799518
1778.760	0.868086
1779.760	0.810346
1780.760	0.820940
1781.760	0.767753
1782.760	0.809144
1783.760	0.792047
1784.760	0.818955
1785.760	0.837913
1786.760	0.868358
1787.760	0.847306
1788.760	0.865993
1789.760	0.844245
1790.760	0.741635
1791.760	0.805530
1792.760	0.871435
1793.760	0.855363
1794.760	0.923384
1795.760	0.802019
1796.760	0.826209
1797.760	0.781474
1798.760	0.810695
1799.760	0.796639
1800.760	0.752816
1801.760	0.815014
1802.760	0.794864
1803.760	0.798180
1804.760	0.803639
1805.760	0.805357
1806.760	0.797541
1807.760	0.810137
1808.760	0.934919
1809.760	0.845538
1810.760	0.766222
1811.760	0.823963
1812.760	0.819209
1813.760	0.827279
1814.760	0.802347
1815.760	0.800505
1816.760	0.888217
1817.760	0.794095
1818.760	0.814373
1819.760	0.827980
1820.760	0.734212
1821.760	0.795186
1822.760	0.790269
1823.760	0.836571
1824.760	0.740855
1825.760	0.855572
1826.760	0.852452
1827.760	0.786664
1828.760	0.772626
1829.760	0.729977
1830.760	0.795331
1831.760	0.778320
1832.760	0.795593
1833.760	0.818665
1834.760	0.841805
1835.760	0.792401
1836.760	0.848679
1837.760	0.853015
1838.760	0.897906
1839.760	0.844245
1840.760	0.757373
1841.760	0.887693
1842.760	0.836888
1843.760	0.767291
1844.760	0.878682
1845.760	0.800153
1846.760	0.915038
1847.760	0.842156
1848.760	0.814799
1849.760	0.794774
1850.760	0.776926
1851.760	0.927668
1852.760	0.786897
1853.760	0.766871
1854.760	0.796710
1855.760	0.840122
1856.760	0.749802
1857.760	0.883235
1858.760	0.901501
1859.760	0.872232
1860.760	0.682301
1861.760	0.837039
1862.760	0.780391
1863.760	0.848211
1864.760	0.831826
1865.760	0.776734
1866.760	0.825950
1867.760	0.855842
1868.760	0.893350
1869.760	0.734960
1870.760	0.749029
1871.760	0.815472
1872.760	0.838892
1873.760	0.834520
1874.760	0.783486
1875.760	0.724380
1876.760	0.894472
1877.760	0.775686
1878.760	0.743193
1879.760	0.852337
1880.760	0.899566
1881.760	0.881567
1882.760	0.827932
1883.760	0.856565
1884.760	0.874886
1885.760	0.840447
1886.760	0.792546
1887.760	0.819570
1888.760	0.937446
1889.760	0.846491
1890.760	0.811950
1891.760	0.821510
1892.760	0.884131
1893.760	0.903260
1894.760	0.906172
1895.760	0.994760
1896.760	0.839866
1897.760	0.898415
1898.760	0.921944
1899.760	0.822414
1900.760	1.030220
1901.760	0.719302
1902.760	0.902556
1903.760	0.762961
1904.760	0.942659
1905.760	0.916457
1906.770	0.878773
1907.770	0.939033
1908.770	1.017090
1909.770	0.861619
1910.770	0.841443
1911.770	0.892585
1912.770	0.939451
1913.770	0.902576
1914.770	1.047840
1915.770	0.941730
1916.770	0.929613
1917.770	1.026810
1918.770	1.085380
1919.770	0.893420
1920.770	0.964674
1921.770	1.023830
1922.770	0.859155
1923.770	0.907929
1924.770	1.053260
1925.770	0.874898
1926.770	0.906542
1927.770	0.976514
1928.770	0.963054
1929.770	0.987168
1930.770	1.005590
1931.770	0.921125
1932.770	1.062560
1933.770	1.049380
1934.770	0.990594
1935.770	1.034020
1936.770	0.994685
1937.770	1.058760
1938.770	0.957259
1939.770	1.147900
1940.770	1.144400
1941.770	0.973935
1942.770	1.016110
1943.770	1.031220
1944.770	1.075160
1945.770	1.061590
1946.770	1.012490
1947.770	0.956953
1948.770	1.027700
1949.770	1.001790
1950.770	1.151420
1951.770	1.023320
1952.770	1.082190
1953.770	1.061350
1954.770	1.016350
1955.770	1.003580
1956.770	1.150430
1957.770	1.036260
1958.770	1.010720
1959.770	1.146090
1960.770	0.953449
1961.770	1.022960
1962.770	1.089410
1963.770	1.014450
1964.770	1.108760
1965.770	1.023440
1966.770	1.030010
1967.770	0.946080
1968.770	1.072960
1969.770	0.863604
1970.770	1.079850
1971.770	1.033180
1972.770	1.041040
1973.770	1.133970
1974.770	0.982802
1975.770	1.035430
1976.770	1.060160
1977.770	1.111430
1978.770	1.141380
1979.770	1.081980
1980.770	1.067100
1981.770	1.003630
1982.770	0.916315
1983.770	1.088260
1984.770	1.005690
1985.770	0.954196
1986.770	1.001790
1987.770	1.104970
1988.770	1.089340
1989.770	1.060550
1990.770	1.029880
1991.770	1.050630
1992.770	0.922881
1993.770	1.003570
1994.770	1.144350
1995.770	0.949279
1996.770	0.929112
1997.770	0.963255
1998.770	0.973239
1999.770	1.088270
2000.770	1.062900
2001.770	0.971905
2002.770	1.076600
2003.770	1.112070
2004.770	1.040530
2005.770	1.015220
2006.770	1.063000
2007.770	1.011040
2008.770	1.033000
2009.770	1.003640
2010.770	0.957486
2011.770	1.038920
2012.770	1.081260
2013.770	1.143530
2014.770	1.051650
2015.770	1.052570
2016.770	1.074890
2017.770	1.015830
2018.770	1.112290
2019.770	1.003530
2020.770	0.968551
2021.770	0.998157
2022.770	1.132590
2023.770	1.080870
2024.770	1.031980
2025.770	0.947142
2026.770	1.059900
2027.770	1.023660
2028.770	1.064630
2029.770	1.017320
2030.770	1.180010
2031.770	0.978360
2032.770	0.985085
2033.770	1.072720
2034.770	0.989838
2035.770	1.109740
2036.770	1.001750
2037.770	1.042150
2038.770	0.930496
2039.770	0.933160
2040.770	1.010300
2041.770	1.134890
2042.770	1.024980
2043.770	1.022950
2044.770	1.031940
2045.770	0.962198
2046.770	1.064750
2047.770	1.043510
2048.770	1.120500
2049.770	1.066850
2050.770	1.108760
2051.770	1.154430
2052.770	0.990967
2053.770	1.120490
2054.770	1.003380
2055.770	0.983857
2056.770	0.958369
2057.770	0.968170
2058.770	1.157130
2059.770	1.099290
2060.770	0.894934
2061.770	1.021880
2062.770	0.875789
2063.770	1.026950
2064.770	0.912543
2065.770	1.015920
2066.770	0.975799
2067.770	1.117980
2068.770	1.010700
2069.770	1.110590
2070.770	1.089610
2071.770	1.023530
2072.770	0.987534
2073.770	1.032170
2074.770	1.038490
2075.770	1.092450
2076.770	1.050500
2077.770	0.984922
2078.770	0.965981
2079.770	0.998241
2080.770	0.964314
2081.770	0.968409
2082.770	1.238120
2083.770	1.005580
2084.770	0.955519
2085.770	0.976724
2086.770	1.119870
2087.770	0.975112
2088.770	0.949079
2089.770	1.042470
2090.770	1.022410
2091.770	0.964508
2092.770	1.070180
2093.770	1.057410
2094.770	1.085300
2095.770	1.079560
2096.770	1.028800
2097.770	1.066730
2098.770	1.036500
2099.770	0.929394
2100.770	0.914711
2101.770	1.058990
2102.780	1.033930
2103.780	0.932672
2104.780	1.106070
2105.780	0.929672
2106.780	1.022080
2107.780	0.996252
2108.780	0.993248
2109.780	1.080750
2110.780	0.941750
2111.780	1.038640
2112.780	1.125820
2113.780	1.078400
2114.780	1.082470
2115.780	1.005560
2116.780	1.023920
2117.780	1.101920
2118.780	0.939078
2119.780	0.993073
2120.780	0.911542
2121.780	1.075860
2122.780	1.127320
2123.780	0.900960
2124.780	0.972578
2125.780	0.996300
2126.780	0.951831
2127.780	1.045580
2128.780	0.989276
2129.780	0.942322
2130.780	1.045170
2131.780	0.959755
2132.780	1.014860
2133.780	1.098580
2134.780	1.132270
2135.780	0.977593
2136.780	0.983828
2137.780	0.952429
2138.780	0.987920
2139.780	0.970778
2140.780	1.126300
2141.780	0.971498
2142.780	0.979613
2143.780	0.996406
2144.780	1.088110
2145.780	0.987376
2146.780	0.998323
2147.780	0.987600
2148.780	0.887452
2149.780	1.023240
2150.780	0.924176
2151.780	1.174250
2152.780	0.936042
2153.780	0.950418
2154.780	0.910350
2155.780	1.053950
2156.780	0.902233
2157.780	1.081670
2158.780	1.012860
2159.780	0.906117
2160.780	0.897128
2161.780	0.994648
2162.780	1.003630
2163.780	0.971353
2164.780	1.063730
2165.780	1.109050
2166.780	0.939879
2167.780	1.009100
2168.780	1.028650
2169.780	0.994521
2170.780	1.163620
2171.780	0.975840
2172.780	0.948447
2173.780	0.894271
2174.780	0.971593
2175.780	1.012740
2176.780	1.055940
2177.780	1.099490
2178.780	0.938436
2179.780	1.023740
2180.780	1.027000
2181.780	0.994893
2182.780	1.073190
2183.780	0.951015
2184.780	1.073730
2185.780	0.939603
2186.780	0.979575
2187.780	0.924233
2188.780	0.921263
2189.780	0.942664
2190.780	0.942419
2191.780	1.046550
2192.780	0.984495
2193.780	1.068370
2194.780	1.042630
2195.780	0.904102
2196.780	0.982502
2197.780	0.998115
2198.780	1.048190
2199.780	0.982222
2200.780	0.925611
2201.780	1.017970
2202.780	0.925232
2203.780	1.050500
2204.780	0.894206
2205.780	1.026950
2206.780	0.955399
2207.780	0.986265
2208.780	1.022920
2209.780	1.014610
2210.780	0.986336
2211.780	0.988941
2212.780	0.959226
2213.780	1.029440
2214.780	1.005830
2215.780	0.879274
2216.780	1.052090
2217.780	0.797449
2218.780	0.954186
2219.780	1.055000
2220.780	0.983069
2221.780	0.944398
2222.780	1.043440
2223.780	0.917690
2224.780	1.033120
2225.780	1.124420
2226.780	1.025950
2227.780	1.054340
2228.780	1.131240
2229.780	1.017810
2230.780	0.985362
2231.780	0.949680
2232.780	0.909804
2233.780	0.943315
2234.780	1.000000
2235.780	0.894011
2236.780	0.918947
2237.780	1.182000
2238.780	1.102560
2239.780	0.967656
2240.780	1.127460
2241.780	1.005510
2242.780	0.962401
2243.780	1.125120
2244.780	0.936820
2245.780	1.024600
2246.780	0.963636
2247.780	0.921783
2248.780	1.034580
2249.780	0.992316
2250.780	0.977371
2251.780	0.926640
2252.780	1.018920
2253.780	0.980919
2254.780	1.005510
2255.780	1.039750
2256.780	1.005060
2257.780	1.047490
2258.780	0.941022
2259.780	0.996432
2260.780	0.963885
2261.780	1.009120
2262.780	0.968613
2263.780	0.953487
2264.780	1.064190
2265.780	0.974934
2266.780	0.951765
2267.780	0.926432
2268.780	1.000000
2269.780	1.001790
2270.780	0.965859
2271.780	1.038640
2272.780	1.049470
2273.780	0.965781
2274.780	1.076110
2275.780	0.994714
2276.780	0.959376
2277.780	0.919070
2278.780	0.936371
2279.780	0.947690
2280.780	0.942398
2281.780	1.003420
2282.780	1.063370
2283.780	1.064010
2284.780	0.944301
2285.780	1.001780
2286.780	0.975287
2287.780	1.018980
2288.780	1.005580
2289.780	1.035150
2290.780	1.030940
2291.780	0.911691
2292.780	0.974431
2293.780	0.978360
2294.780	1.113490
2295.780	0.992747
2296.780	0.939946
2297.790	1.083090
2298.790	0.833741
2299.790	0.916153
2300.790	1.012310
2301.790	0.963885
2302.790	1.078540
2303.790	1.001840
2304.790	1.016810
2305.790	0.974753
2306.790	1.000000
2307.790	1.089800
2308.790	0.987982
2309.790	0.951863
2310.790	1.005420
2311.790	0.951515
2312.790	1.005200
2313.790	0.960034
2314.790	1.088810
2315.790	1.071900
2316.790	1.019210
2317.790	0.983442
2318.790	0.948141
2319.790	1.005560
2320.790	0.964696
2321.790	0.928150
2322.790	0.926807
2323.790	1.038640
2324.790	0.902056
2325.790	0.973712
2326.790	1.074420
2327.790	0.928752
2328.790	0.968830
2329.790	1.028750
2330.790	0.921336
2331.790	1.015220
2332.790	1.072830
2333.790	1.009220
2334.790	1.082940
2335.790	0.932806
2336.790	0.899914
2337.790	1.132450
2338.790	0.928635
2339.790	1.097840
2340.790	0.949364
2341.790	0.941730
2342.790	0.991220
2343.790	0.976170
2344.790	0.956256
2345.790	0.921673
2346.790	1.059300
2347.790	0.940322
2348.790	1.130470
2349.790	0.890880
2350.790	1.062320
2351.790	0.950224
2352.790	1.069480
2353.790	0.994511
2354.790	0.949193
2355.790	0.930376
2356.790	0.925485
2357.790	0.886893
2358.790	0.958365
2359.790	0.835440
2360.790	1.010820
2361.790	0.871179
2362.790	0.948720
2363.790	0.983472
2364.790	0.975359
2365.790	1.076710
2366.790	0.967185
2367.790	0.981017
2368.790	0.960111
2369.790	0.988180
2370.790	1.029490
2371.790	0.862884
2372.790	1.003760
2373.790	0.974524
2374.790	0.894281
2375.790	1.017190
2376.790	1.091980
2377.790	0.980886
2378.790	0.911408
2379.790	1.001840
2380.790	0.970346
2381.790	0.866445
2382.790	1.020020
2383.790	1.067340
2384.790	0.985521
2385.790	1.012160
2386.790	0.892218
2387.790	0.924304
2388.790	0.924630
2389.790	0.957007
2390.790	0.983319
2391.790	0.916598
2392.790	0.897485
2393.790	0.953029
2394.790	0.929144
2395.790	0.978514
2396.790	1.001830
2397.790	0.896348
2398.790	0.902649
2399.790	1.023110
2400.790	0.953114
2401.790	0.938722
2402.790	1.093950
2403.790	0.929250
2404.790	0.979910
2405.790	0.982743
2406.790	0.950970
2407.790	0.958672
2408.790	0.928388
2409.790	0.957635
2410.790	0.983037
2411.790	0.961706
2412.790	1.019280
2413.790	0.924498
2414.790	0.964070
2415.790	0.970125
2416.790	0.900960
2417.790	0.913599
2418.790	1.095950
2419.790	0.926767
2420.790	0.996444
2421.790	0.952660
2422.790	1.032470
2423.790	0.998259
2424.790	0.908551
2425.790	1.003660
2426.790	0.960681
2427.790	0.950042
2428.790	0.897700
2429.790	0.952254
2430.790	0.967540
2431.790	0.911442
2432.790	0.896349
2433.790	0.957710
2434.790	0.993133
2435.790	0.979256
2436.790	0.942192
2437.790	1.037140
2438.790	1.005160
2439.790	0.932259
2440.790	0.934892
2441.790	0.880652
2442.790	1.067630
2443.790	0.932373
2444.790	0.964696
2445.790	0.965781
2446.790	0.938866
2447.790	0.861052
2448.790	1.018000
2449.790	1.036800
2450.790	0.930671
2451.790	0.935082
2452.790	1.015690
2453.790	1.028200
2454.790	0.915007
2455.790	1.000000
2456.790	1.031280
2457.790	0.983886
2458.790	1.045580
2459.790	0.998180
2460.790	0.989002
2461.790	0.998216
2462.790	1.052580
2463.790	0.928388
2464.790	0.928119
2465.790	0.918126
2466.790	1.015050
2467.790	1.007010
2468.790	0.984141