1008.72	0.882799
1009.72	0.942278
1010.72	0.917939
1011.72	0.940247
1012.72	0.917741
1013.72	0.936143
1014.72	0.844075
1015.72	0.888857
1016.72	0.895252
1017.72	0.911687
1018.72	0.905987
1019.72	0.939728
1020.72	0.958582
1021.72	0.939983
1022.72	0.853399
1023.72	0.906009
1024.72	0.910429
1025.72	0.903930
1026.72	0.839759
1027.72	0.938753
1028.72	0.907444
1029.72	0.890151
1030.72	0.949722
1031.72	0.943624
1032.72	0.905239
1033.72	0.951238
1034.72	0.898061
1035.72	0.930589
1036.72	0.911174
1037.72	0.973670
1038.72	0.902186
1039.72	0.923820
1040.72	0.914094
1041.72	0.930284
1042.72	0.919994
1043.72	0.956744
1044.72	0.921679
1045.72	0.938122
1046.72	0.956556
1047.72	0.895945
1048.72	0.891605
1049.72	0.928842
1050.72	0.896774
1051.72	0.880306
1052.72	0.958201
1053.72	0.885226
1054.72	0.979427
1055.72	0.936433
1056.72	0.902828
1057.72	0.909926
1058.72	0.950854
1059.72	0.946688
1060.72	0.895135
1061.72	0.910743
1062.72	0.925223
1063.72	0.907345
1064.72	0.932187
1065.72	1.016800
1066.72	0.894270
1067.72	0.903930
1068.72	0.979596
1069.72	0.913987
1070.72	0.956960
1071.72	0.913550
1072.72	0.867382
1073.72	0.911941
1074.72	0.894325
1075.72	0.959718
1076.72	0.911542
1077.72	0.911187
1078.72	0.899979
1079.72	0.960681
1080.72	0.911662
1081.72	0.911445
1082.72	0.913958
1083.72	0.951581
1084.72	0.887274
1085.72	0.970201
1086.72	0.856061
1087.72	0.905978
1088.72	0.931798
1089.72	0.961508
1090.72	0.932481
1091.72	0.896562
1092.72	0.937126
1093.72	0.921836
1094.72	0.879246
1095.72	0.944671
1096.72	0.973171
1097.72	0.947520
1098.72	0.915261
1099.72	0.957031
1100.72	0.899318
1101.72	0.889830
1102.72	0.904246
1103.72	0.942444
1104.72	0.935082
1105.72	0.895729
1106.72	0.942677
1107.72	0.928479
1108.72	0.958772
1109.72	0.908040
1110.72	0.926252
1111.72	0.985189
1112.72	0.938437
1113.72	0.894487
1114.72	0.941478
1115.72	0.924007
1116.72	0.859949
1117.72	0.957546
1118.72	0.953695
1119.72	0.889810
1120.72	0.885724
1121.72	0.904711
1122.72	0.974228
1123.72	0.977306
1124.72	0.897204
1125.72	0.894521
1126.72	0.937907
1127.72	0.910459
1128.72	0.896598
1129.72	0.893840
1130.72	0.955687
1131.72	0.906024
1132.72	0.979898
1133.73	0.943652
1134.73	0.927490
1135.73	0.945277
1136.73	0.896235
1137.73	0.927899
1138.73	0.923058
1139.73	0.956531
1140.73	0.937096
1141.73	0.936428
1142.73	0.962063
1143.73	0.943296
1144.73	0.954696
1145.73	0.931257
1146.73	0.951522
1147.73	0.898666
1148.73	0.923024
1149.73	0.901403
1150.73	0.891678
1151.73	0.940682
1152.73	0.947546
1153.73	0.964630
1154.73	0.928895
1155.73	0.887827
1156.73	0.931211
1157.73	0.946239
1158.73	0.963576
1159.73	0.940795
1160.73	0.925103
1161.73	0.905890
1162.73	0.916577
1163.73	0.851879
1164.73	0.878506
1165.73	0.937489
1166.73	0.928215
1167.73	0.925786
1168.73	0.924411
1169.73	0.965903
1170.73	0.946826
1171.73	0.926987
1172.73	0.907156
1173.73	0.946089
1174.73	0.865014
1175.73	0.935128
1176.73	0.899508
1177.73	0.951305
1178.73	0.915019
1179.73	0.901714
1180.73	0.852250
1181.73	0.963210
1182.73	0.931807
1183.73	0.934033
1184.73	0.904407
1185.73	0.910790
1186.73	0.979245
1187.73	0.921615
1188.73	0.944489
1189.73	0.897901
1190.73	0.870054
1191.73	0.897302
1192.73	0.939075
1193.73	0.924660
1194.73	0.907027
1195.73	0.932528
1196.73	0.922244
1197.73	0.885280
1198.73	0.989913
1199.73	0.941220
1200.73	0.928110
1201.73	0.900969
1202.73	0.922220
1203.73	0.887828
1204.73	0.886018
1205.73	0.909502
1206.73	0.978095
1207.73	0.942430
1208.73	0.913490
1209.73	0.926406
1210.73	0.884745
1211.73	0.906085
1212.73	0.903048
1213.73	0.892147
1214.73	0.906800
1215.73	0.962901
1216.73	0.913805
1217.73	0.944219
1218.73	0.898978
1219.73	0.896667
1220.73	0.850546
1221.73	0.922582
1222.73	0.893948
1223.73	0.941051
1224.73	0.928530
1225.73	0.913158
1226.73	0.894517
1227.73	1.003580
1228.73	0.956552
1229.73	0.882671
1230.73	0.878187
1231.73	0.935556
1232.73	0.895627
1233.73	0.945763
1234.73	0.836288
1235.73	0.919719
1236.73	0.885008
1237.73	0.946949
1238.73	0.927629
1239.73	0.889688
1240.73	0.942689
1241.73	0.923574
1242.73	0.908155
1243.73	0.953728
1244.73	0.937095
1245.73	0.977553
1246.73	0.924034
1247.73	0.951075
1248.73	0.885376
1249.73	0.906582
1250.73	0.908467
1251.73	0.872500
1252.73	0.988724
1253.73	0.936676
1254.73	0.893543
1255.73	0.864990
1256.73	0.924481
1257.73	0.907051
1258.73	0.932514
1259.73	0.959933
1260.73	0.912733
1261.73	0.894593
1262.73	0.893470
1263.73	0.921027
1264.73	0.889580
1265.73	0.904700
1266.73	0.942796
1267.73	0.890945
1268.73	0.924966
1269.73	0.874751
1270.73	0.886872
1271.73	0.942028
1272.73	0.896392
1273.73	0.877526
1274.73	0.971576
1275.73	0.862852
1276.73	0.889175
1277.73	0.914843
1278.73	0.903692
1279.73	0.936608
1280.73	0.882456
1281.73	0.872698
1282.73	0.895353
1283.73	0.888506
1284.73	0.930623
1285.73	0.913292
1286.73	0.858334
1287.73	0.936299
1288.73	0.938706
1289.73	0.904584
1290.73	0.925197
1291.73	0.915197
1292.73	0.897019
1293.73	0.859022
1294.73	0.872895
1295.73	0.930722
1296.73	0.951795
1297.73	0.934924
1298.73	0.889196
1299.73	0.964141
1300.73	0.902844
1301.73	0.950699
1302.73	0.887928
1303.73	0.938565
1304.73	0.952443
1305.73	0.898884
1306.73	0.901414
1307.73	0.908426
1308.73	0.932209
1309.73	0.890118
1310.73	0.960077
1311.73	0.926324
1312.73	0.989350
1313.73	0.913917
1314.73	0.903134
1315.73	0.896499
1316.73	0.941057
1317.73	0.892795
1318.73	0.961660
1319.73	0.916996
1320.73	0.907637
1321.73	0.926083
1322.73	0.881215
1323.73	0.893055
1324.73	0.949322
1325.73	0.963406
1326.73	0.868896
1327.74	0.870707
1328.74	0.907720
1329.74	0.923887
1330.74	0.953926
1331.74	0.940027
1332.74	0.886161
1333.74	0.911271
1334.74	0.903908
1335.74	0.913834
1336.74	0.928379
1337.74	0.886964
1338.74	0.898025
1339.74	0.868893
1340.74	0.878757
1341.74	0.865140
1342.74	0.902328
1343.74	0.913653
1344.74	0.922203
1345.74	0.931329
1346.74	0.928318
1347.74	0.921949
1348.74	0.902159
1349.74	0.952234
1350.74	0.881530
1351.74	0.921441
1352.74	0.902066
1353.74	0.944363
1354.74	0.925613
1355.74	0.953139
1356.74	0.913449
1357.74	0.857404
1358.74	0.976333
1359.74	0.955210
1360.74	0.905013
1361.74	0.886240
1362.74	0.942143
1363.74	0.918043
1364.74	0.894787
1365.74	0.928074
1366.74	0.977379
1367.74	0.898239
1368.74	0.976859
1369.74	0.901187
1370.74	0.934499
1371.74	0.920765
1372.74	0.947593
1373.74	0.922130
1374.74	0.884416
1375.74	0.829232
1376.74	0.923593
1377.74	0.903290
1378.74	0.916833
1379.74	0.898735
1380.74	0.904771
1381.74	0.947261
1382.74	0.898725
1383.74	0.943421
1384.74	0.943309
1385.74	0.959234
1386.74	0.901536
1387.74	0.948520
1388.74	0.933173
1389.74	0.908598
1390.74	0.938130
1391.74	0.977606
1392.74	0.934243
1393.74	0.977486
1394.74	0.926551
1395.74	0.967204
1396.74	0.838574
1397.74	0.938359
1398.74	0.962719
1399.74	0.944492
1400.74	0.916543
1401.74	0.959881
1402.74	0.927727
1403.74	0.908600
1404.74	0.974606
1405.74	0.891679
1406.74	0.937031
1407.74	0.907945
1408.74	0.953945
1409.74	0.998947
1410.74	0.978540
1411.74	0.905503
1412.74	0.995912
1413.74	0.933201
1414.74	0.929449
1415.74	0.910845
1416.74	0.921342
1417.74	0.941181
1418.74	0.946515
1419.74	0.961961
1420.74	0.989584
1421.74	0.927204
1422.74	0.987724
1423.74	0.937908
1424.74	0.977893
1425.74	0.973945
1426.74	0.928638
1427.74	0.976266
1428.74	1.019330
1429.74	0.933243
1430.74	0.977181
1431.74	0.961565
1432.74	1.008060
1433.74	1.078610
1434.74	0.993529
1435.74	1.029300
1436.74	0.995897
1437.74	1.020070
1438.74	1.079170
1439.74	1.026760
1440.74	1.005210
1441.74	0.976363
1442.74	0.991456
1443.74	0.981707
1444.74	1.016800
1445.74	0.936112
1446.74	1.054890
1447.74	0.977448
1448.74	0.968637
1449.74	1.061540
1450.74	0.994002
1451.74	1.024490
1452.74	1.040620
1453.74	1.007210
1454.74	0.995359
1455.74	1.072720
1456.74	1.045690
1457.74	1.048350
1458.74	1.012010
1459.74	1.047450
1460.74	1.008600
1461.74	1.054730
1462.74	0.985146
1463.74	1.047610
1464.74	0.966989
1465.74	0.981660
1466.74	0.993692
1467.74	1.057390
1468.74	1.058110
1469.74	1.077040
1470.74	1.028810
1471.74	1.062670
1472.74	1.053620
1473.74	1.058060
1474.74	1.035650
1475.74	1.017120
1476.74	1.089390
1477.74	1.088140
1478.74	1.048800
1479.74	1.015380
1480.74	1.053720
1481.74	1.016880
1482.74	1.048580
1483.74	1.087230
1484.74	1.063960
1485.74	1.034580
1486.74	1.046010
1487.74	1.058580
1488.74	1.083040
1489.74	1.032830
1490.74	1.027140
1491.74	1.062760
1492.74	1.031950
1493.74	1.027720
1494.74	1.068530
1495.74	1.057520
1496.74	1.110420
1497.74	1.092440
1498.74	1.071100
1499.74	1.076310
1500.74	1.066370
1501.74	1.036570
1502.74	1.070890
1503.74	1.078280
1504.74	1.051590
1505.74	1.076810
1506.74	1.049350
1507.74	0.979404
1508.74	1.070340
1509.74	1.144420
1510.74	1.032850
1511.74	1.058020
1512.74	1.081960
1513.74	1.080620
1514.74	0.972067
1515.74	1.048630
1516.74	1.022060
1517.75	1.059260
1518.75	1.052970
1519.75	1.109060
1520.75	1.017730
1521.75	1.023900
1522.75	1.027440
1523.75	1.034130
1524.75	1.053690
1525.75	1.021830
1526.75	1.101710
1527.75	1.033190
1528.75	1.067860
1529.75	1.036760
1530.75	1.017670
1531.75	1.019660
1532.75	1.061340
1533.75	0.987974
1534.75	1.008390
1535.75	1.008680
1536.75	1.102440
1537.75	1.060620
1538.75	1.018010
1539.75	1.015520
1540.75	0.937625
1541.75	1.027240
1542.75	1.012370
1543.75	1.017550
1544.75	1.000000
1545.75	1.039880
1546.75	1.047050
1547.75	1.007510
1548.75	1.044700
1549.75	1.022780
1550.75	1.009450
1551.75	1.059130
1552.75	1.053050
1553.75	1.033390
1554.75	0.984255
1555.75	0.982766
1556.75	0.985582
1557.75	1.031690
1558.75	0.977994
1559.75	0.975226
1560.75	1.024160
1561.75	1.034880
1562.75	1.016100
1563.75	1.005100
1564.75	0.999488
1565.75	0.992427
1566.75	0.990271
1567.75	1.012370
1568.75	1.022380
1569.75	1.005220
1570.75	1.046570
1571.75	0.996384
1572.75	1.025790
1573.75	1.023140
1574.75	1.045670
1575.75	0.989052
1576.75	1.016430
1577.75	0.952723
1578.75	0.916541
1579.75	1.015870
1580.75	0.993499
1581.75	1.043750
1582.75	0.990606
1583.75	0.986033
1584.75	0.917321
1585.75	0.969482
1586.75	0.961013
1587.75	0.935514
1588.75	0.987347
1589.75	0.989388
1590.75	0.978401
1591.75	0.991192
1592.75	0.979951
1593.75	1.000510
1594.75	1.013400
1595.75	0.962170
1596.75	0.958359
1597.75	0.997914
1598.75	0.960235
1599.75	0.975461
1600.75	1.007760
1601.75	0.954067
1602.75	0.989563
1603.75	0.984352
1604.75	1.010340
1605.75	0.987162
1606.75	0.970954
1607.75	0.976278
1608.75	0.946366
1609.75	0.967907
1610.75	0.949799
1611.75	0.959637
1612.75	0.910724
1613.75	1.036220
1614.75	0.930348
1615.75	1.008840
1616.75	0.949649
1617.75	0.961505
1618.75	1.012440
1619.75	0.964178
1620.75	0.964790
1621.75	0.992835
1622.75	0.932589
1623.75	1.006790
1624.75	0.927752
1625.75	0.887067
1626.75	0.959819
1627.75	0.997341
1628.75	0.957725
1629.75	0.935809
1630.75	0.924707
1631.75	0.964568
1632.75	0.931186
1633.75	0.947529
1634.75	0.961066
1635.75	1.007990
1636.75	0.953278
1637.75	0.973617
1638.75	0.951099
1639.75	0.952608
1640.75	0.965162
1641.75	0.906383
1642.75	0.935918
1643.75	0.960729
1644.75	0.909656
1645.75	0.927400
1646.75	0.938561
1647.75	0.920545
1648.75	0.934638
1649.75	0.931598
1650.75	0.903498
1651.75	0.947477
1652.75	0.880717
1653.75	0.959757
1654.75	0.937190
1655.75	0.887459
1656.75	0.914443
1657.75	0.971355
1658.75	0.959420
1659.75	0.951409
1660.75	0.928589
1661.75	0.917764
1662.75	0.960949
1663.75	0.943251
1664.75	0.882639
1665.75	0.980939
1666.75	0.926033
1667.75	0.877017
1668.75	0.927752
1669.75	0.946734
1670.75	0.909758
1671.75	0.948076
1672.75	0.900710
1673.75	0.901335
1674.75	0.899757
1675.75	0.897598
1676.75	0.945731
1677.75	0.900151
1678.75	0.964744
1679.75	0.908106
1680.75	0.925559
1681.75	0.952093
1682.75	0.883735
1683.75	0.928111
1684.75	0.911464
1685.75	0.918180
1686.75	0.870602
1687.75	0.868176
1688.75	0.931866
1689.75	0.888832
1690.75	0.878594
1691.75	0.895296
1692.75	0.897207
1693.75	0.885850
1694.75	0.865996
1695.75	0.919788
1696.75	0.856879
1697.75	0.931145
1698.75	0.911745
1699.75	0.911464
1700.75	0.880479
1701.75	0.928790
1702.75	0.930020
1703.75	0.838643
1704.75	0.878837
1705.75	0.969248
1706.75	0.910214
1707.75	0.880378
1708.75	0.898267
1709.76	0.885857
1710.76	0.892020
1711.76	0.907102
1712.76	0.825130
1713.76	0.911823
1714.76	0.883306
1715.76	0.861377
1716.76	0.901218
1717.76	0.877118
1718.76	0.914835
1719.76	0.851397
1720.76	0.900789
1721.76	0.890680
1722.76	0.883148
1723.76	0.837225
1724.76	0.891151
1725.76	0.855057
1726.76	0.843061
1727.76	0.916592
1728.76	0.920848
1729.76	0.911823
1730.76	0.912551
1731.76	0.840499
1732.76	0.913151
1733.76	0.870520
1734.76	0.871541
1735.76	0.790675
1736.76	0.861514
1737.76	0.866999
1738.76	0.885768
1739.76	0.878594
1740.76	0.928891
1741.76	0.915806
1742.76	0.888947
1743.76	0.871479
1744.76	0.904795
1745.76	0.874277
1746.76	0.888074
1747.76	0.865334
1748.76	0.852598
1749.76	0.882688
1750.76	0.876277
1751.76	0.848671
1752.76	0.856187
1753.76	0.866655
1754.76	0.895876
1755.76	0.875858
1756.76	0.931799
1757.76	0.910857
1758.76	0.906383
1759.76	0.912893
1760.76	0.904491
1761.76	0.872722
1762.76	0.873964
1763.76	0.849556
1764.76	0.894536
1765.76	0.894277
1766.76	0.935711
1767.76	0.830161
1768.76	0.949145
1769.76	0.902200
1770.76	0.844882
1771.76	0.845688
1772.76	0.882721
1773.76	0.911727
1774.76	0.868064
1775.76	0.904902
1776.76	0.901297
1777.76	0.861709
1778.76	0.846549
1779.76	0.882785
1780.76	0.928676
1781.76	0.888506
1782.76	0.920123
1783.76	0.827364
1784.76	0.864591
1785.76	0.867446
1786.76	0.880740
1787.76	0.849049
1788.76	0.876438
1789.76	0.838614
1790.76	0.838562
1791.76	0.926230
1792.76	0.861631
1793.76	0.855368
1794.76	0.831765
1795.76	0.886066
1796.76	0.874454
1797.76	0.890018
1798.76	0.904653
1799.76	0.881215
1800.76	0.854558
1801.76	0.887183
1802.76	0.811365
1803.76	0.877174
1804.76	0.813436
1805.76	0.878160
1806.76	0.839973
1807.76	0.895632
1808.76	0.846873
1809.76	0.863230
1810.76	0.892073
1811.76	0.864712
1812.76	0.851457
1813.76	0.835227
1814.76	0.830729
1815.76	0.833656
1816.76	0.823660
1817.76	0.832872
1818.76	0.866948
1819.76	0.895124
1820.76	0.850234
1821.76	0.829214
1822.76	0.876018
1823.76	0.893655
1824.76	0.914379
1825.76	0.865117
1826.76	0.857425
1827.76	0.859654
1828.76	0.924107
1829.76	0.882481
1830.76	0.876345
1831.76	0.838727
1832.76	0.873145
1833.76	0.818506
1834.76	0.840102
1835.76	0.861716
1836.76	0.832152
1837.76	0.864703
1838.76	0.849540
1839.76	0.890680
1840.76	0.871769
1841.76	0.876012
1842.76	0.874337
1843.76	0.823851
1844.76	0.879573
1845.76	0.877036
1846.76	0.848443
1847.76	0.814138
1848.76	0.822396
1849.76	0.808686
1850.76	0.892283
1851.76	0.858887
1852.76	0.817724
1853.76	0.938721
1854.76	0.902821
1855.76	0.890846
1856.76	0.857578
1857.76	0.869567
1858.76	0.839190
1859.76	0.864841
1860.76	0.871737
1861.76	0.787926
1862.76	0.873149
1863.76	0.830505
1864.76	0.857509
1865.76	0.875781
1866.76	0.851929
1867.76	0.888019
1868.76	0.850918
1869.76	0.837066
1870.76	0.837142
1871.76	0.842005
1872.76	0.830420
1873.76	0.912167
1874.76	0.913530
1875.76	0.855215
1876.76	0.896492
1877.76	0.805500
1878.76	0.890263
1879.76	0.865454
1880.76	0.782805
1881.76	0.866426
1882.76	0.849145
1883.76	0.847290
1884.76	0.893423
1885.76	0.867715
1886.76	0.862408
1887.76	0.843208
1888.76	0.884660
1889.76	0.844615
1890.76	0.874093
1891.76	0.864748
1892.76	0.829915
1893.76	0.877966
1894.76	0.848952
1895.76	0.911879
1896.76	0.814160
1897.76	0.822455
1898.76	0.872473
1899.76	0.883148
1900.76	0.837588
1901.76	0.884578
1902.76	0.863264
1903.77	0.880742
1904.77	0.882330
1905.77	0.875376
1906.77	0.852639
1907.77	0.813276
1908.77	0.876832
1909.77	0.844046
1910.77	0.871457
1911.77	0.813507
1912.77	0.855263
1913.77	0.868264
1914.77	0.890596
1915.77	0.790773
1916.77	0.915800
1917.77	0.822114
1918.77	0.839225
1919.77	0.822347
1920.77	0.841384
1921.77	0.892354
1922.77	0.877881
1923.77	0.848370
1924.77	0.844472
1925.77	0.823828
1926.77	0.863709
1927.77	0.859149
1928.77	0.831736
1929.77	0.859468
1930.77	0.878885
1931.77	0.808801
1932.77	0.826865
1933.77	0.804580
1934.77	0.839093
1935.77	0.789292
1936.77	0.844831
1937.77	0.815706
1938.77	0.819325
1939.77	0.855778
1940.77	0.822566
1941.77	0.856812
1942.77	0.854181
1943.77	0.844559
1944.77	0.807386
1945.77	0.885614
1946.77	0.828028
1947.77	0.907539
1948.77	0.872748
1949.77	0.882728
1950.77	0.793777
1951.77	0.803263
1952.77	0.904842
1953.77	0.842555
1954.77	0.802807
1955.77	0.843970
1956.77	0.878994
1957.77	0.821778
1958.77	0.839975
1959.77	0.859266
1960.77	0.847052
1961.77	0.905917
1962.77	0.882489
1963.77	0.808931
1964.77	0.845316
1965.77	0.813256
1966.77	0.906798
1967.77	0.861836
1968.77	0.827336
1969.77	0.844136
1970.77	0.825459
1971.77	0.886744
1972.77	0.832311
1973.77	0.834470
1974.77	0.852345
1975.77	0.851883
1976.77	0.833696
1977.77	0.839264
1978.77	0.823061
1979.77	0.798604
1980.77	0.888899
1981.77	0.885780
1982.77	0.816097
1983.77	0.851292
1984.77	0.849145
1985.77	0.827076
1986.77	0.840400
1987.77	0.836509
1988.77	0.849385
1989.77	0.871707
1990.77	0.874030
1991.77	0.819892
1992.77	0.869788
1993.77	0.799739
1994.77	0.888723
1995.77	0.812686
1996.77	0.844087
1997.77	0.802918
1998.77	0.859119
1999.77	0.856666
2000.77	0.863593
2001.77	0.875931
2002.77	0.898477
2003.77	0.827634
2004.77	0.836598
2005.77	0.805377
2006.77	0.884879
2007.77	0.841411
2008.77	0.870979
2009.77	0.870127
2010.77	0.806369
2011.77	0.849240
2012.77	0.880014
2013.77	0.848098
2014.77	0.865932
2015.77	0.858123
2016.77	0.880425
2017.77	0.851719
2018.77	0.822372
2019.77	0.817738
2020.77	0.847711
2021.77	0.835670
2022.77	0.850810
2023.77	0.878243
2024.77	0.849651
2025.77	0.787210
2026.77	0.922270
2027.77	0.855274
2028.77	0.758096
2029.77	0.892371
2030.77	0.826242
2031.77	0.863855
2032.77	0.810898
2033.77	0.884196
2034.77	0.891641
2035.77	0.848730
2036.77	0.781889
2037.77	0.829971
2038.77	0.880152
2039.77	0.833195
2040.77	0.800594
2041.77	0.835280
2042.77	0.879186
2043.77	0.832957
2044.77	0.916088
2045.77	0.825235
2046.77	0.883173
2047.77	0.834836
2048.77	0.864755
2049.77	0.936675
2050.77	0.846687
2051.77	0.874713
2052.77	0.871303
2053.77	0.786056
2054.77	0.869484
2055.77	0.860834
2056.77	0.836173
2057.77	0.835860
2058.77	0.808999
2059.77	0.859355
2060.77	0.841107
2061.77	0.866329
2062.77	0.867383
2063.77	0.785326
2064.77	0.843696
2065.77	0.894918
2066.77	0.789401
2067.77	0.842055
2068.77	0.822567
2069.77	0.813781
2070.77	0.862787
2071.77	0.876666
2072.77	0.866672
2073.77	0.820394
2074.77	0.914171
2075.77	0.806404
2076.77	0.875001
2077.77	0.834238
2078.77	0.837858
2079.77	0.870643
2080.77	0.828931
2081.77	0.857177
2082.77	0.853840
2083.77	0.867831
2084.77	0.833423
2085.77	0.834438
2086.77	0.887742
2087.77	0.846687
2088.77	0.861446
2089.77	0.819433
2090.77	0.913948
2091.77	0.849193
2092.77	0.834628
2093.77	0.810772
2094.77	0.823416
2095.77	0.833577
2096.77	0.819892
2097.77	0.852203
2098.77	0.875319
2099.78	0.808760
2100.78	0.842430
2101.78	0.855906
2102.78	0.850633
2103.78	0.848015
2104.78	0.808209
2105.78	0.876032
2106.78	0.787892
2107.78	0.878778
2108.78	0.825466
2109.78	0.816056
2110.78	0.847054
2111.78	0.888019
2112.78	0.844875
2113.78	0.887375
2114.78	0.793337
2115.78	0.838136
2116.78	0.866835
2117.78	0.853098
2118.78	0.861937
2119.78	0.852893
2120.78	0.864563
2121.78	0.827331
2122.78	0.875315
2123.78	0.848476
2124.78	0.892249
2125.78	0.861328
2126.78	0.871218
2127.78	0.838699
2128.78	0.842954
2129.78	0.775803
2130.78	0.820206
2131.78	0.830421
2132.78	0.863804
2133.78	0.831535
2134.78	0.815202
2135.78	0.840867
2136.78	0.805530
2137.78	0.801882
2138.78	0.836719
2139.78	0.831837
2140.78	0.864582
2141.78	0.794783
2142.78	0.875903
2143.78	0.860594
2144.78	0.823858
2145.78	0.846991
2146.78	0.813004
2147.78	0.858817
2148.78	0.837843
2149.78	0.838900
2150.78	0.837887
2151.78	0.855005
2152.78	0.863526
2153.78	0.869864
2154.78	0.850863
2155.78	0.840085
2156.78	0.830603
2157.78	0.839426
2158.78	0.864073
2159.78	0.872906
2160.78	0.818094
2161.78	0.822482
2162.78	0.806825
2163.78	0.809693
2164.78	0.859904
2165.78	0.797845
2166.78	0.773010
2167.78	0.859206
2168.78	0.837428
2169.78	0.786687
2170.78	0.816249
2171.78	0.822024
2172.78	0.870722
2173.78	0.816672
2174.78	0.892339
2175.78	0.877903
2176.78	0.814772
2177.78	0.780414
2178.78	0.830948
2179.78	0.844619
2180.78	0.871118
2181.78	0.791733
2182.78	0.763025
2183.78	0.813446
2184.78	0.854967
2185.78	0.868747
2186.78	0.885212
2187.78	0.845503
2188.78	0.845619
2189.78	0.797865
2190.78	0.822338
2191.78	0.826582
2192.78	0.850913
2193.78	0.840062
2194.78	0.853560
2195.78	0.783479
2196.78	0.850266
2197.78	0.825400
2198.78	0.816859
2199.78	0.881698
2200.78	0.905825
2201.78	0.831900
2202.78	0.789277
2203.78	0.757480
2204.78	0.835960
2205.78	0.847942
2206.78	0.822625
2207.78	0.841858
2208.78	0.831421
2209.78	0.903145
2210.78	0.821055
2211.78	0.791980
2212.78	0.903538
2213.78	0.900369
2214.78	0.828775
2215.78	0.837670
2216.78	0.826802
2217.78	0.884569
2218.78	0.821047
2219.78	0.863484
2220.78	0.931480
2221.78	0.788980
2222.78	0.781398
2223.78	0.843734
2224.78	0.823694
2225.78	0.837242
2226.78	0.833380
2227.78	0.804076
2228.78	0.841841
2229.78	0.789063
2230.78	0.859597
2231.78	0.791644
2232.78	0.799370
2233.78	0.813461
2234.78	0.831029
2235.78	0.918234
2236.78	0.862454
2237.78	0.828075
2238.78	0.829512
2239.78	0.835712
2240.78	0.829837
2241.78	0.811850
2242.78	0.854659
2243.78	0.819458
2244.78	0.818532
2245.78	0.834667
2246.78	0.876240
2247.78	0.821385
2248.78	0.838454
2249.78	0.834518
2250.78	0.840512
2251.78	0.876482
2252.78	0.835741
2253.78	0.839463
2254.78	0.817252
2255.78	0.822510
2256.78	0.854807
2257.78	0.847428
2258.78	0.855367
2259.78	0.843721
2260.78	0.839640
2261.78	0.831278
2262.78	0.846056
2263.78	0.860438
2264.78	0.865475
2265.78	0.835870
2266.78	0.847043
2267.78	0.786188
2268.78	0.863540
2269.78	0.858262
2270.78	0.824400
2271.78	0.828787
2272.78	0.859167
2273.78	0.852688
2274.78	0.836813
2275.78	0.852028
2276.78	0.832070
2277.78	0.806985
2278.78	0.805147
2279.78	0.830840
2280.78	0.836228
2281.78	0.807465
2282.78	0.873047
2283.78	0.851079
2284.78	0.845747
2285.78	0.788951
2286.78	0.881935
2287.78	0.847772
2288.78	0.860495
2289.78	0.908831
2290.78	0.823653
2291.78	0.865336
2292.79	0.911350
2293.79	0.849520
2294.79	0.807097
2295.79	0.842400
2296.79	0.824668
2297.79	0.802092
2298.79	0.831581
2299.79	0.849345
2300.79	0.850235
2301.79	0.843507
2302.79	0.809197
2303.79	0.806064
2304.79	0.825214
2305.79	0.838409
2306.79	0.791639
2307.79	0.834543
2308.79	0.857525
2309.79	0.859106
2310.79	0.880309
2311.79	0.822567
2312.79	0.845316
2313.79	0.863152
2314.79	0.819059
2315.79	0.795155
2316.79	0.834028
2317.79	0.839152
2318.79	0.829683
2319.79	0.802648
2320.79	0.841079
2321.79	0.852013
2322.79	0.819199
2323.79	0.847636
2324.79	0.838069
2325.79	0.862808
2326.79	0.822398
2327.79	0.822392
2328.79	0.816239
2329.79	0.816759
2330.79	0.797176
2331.79	0.789646
2332.79	0.821367
2333.79	0.872685
2334.79	0.871705
2335.79	0.808438
2336.79	0.836561
2337.79	0.779488
2338.79	0.844935
2339.79	0.805282
2340.79	0.834568
2341.79	0.868458
2342.79	0.833925
2343.79	0.818282
2344.79	0.841707
2345.79	0.804660
2346.79	0.854314
2347.79	0.842938
2348.79	0.844470
2349.79	0.882688
2350.79	0.818094
2351.79	0.784438
2352.79	0.824507
2353.79	0.869813
2354.79	0.781521
2355.79	0.851502
2356.79	0.796586
2357.79	0.872878
2358.79	0.854905
2359.79	0.837220
2360.79	0.848636
2361.79	0.833933
2362.79	0.846462
2363.79	0.807964
2364.79	0.825777
2365.79	0.848657
2366.79	0.819272
2367.79	0.829814
2368.79	0.888740
2369.79	0.846056
2370.79	0.932320
2371.79	0.878145
2372.79	0.749128
2373.79	0.885178
2374.79	0.835510
2375.79	0.811182
2376.79	0.848550
2377.79	0.814565
2378.79	0.877294
2379.79	0.839782
2380.79	0.843614
2381.79	0.868322
2382.79	0.836091
2383.79	0.846732
2384.79	0.839249
2385.79	0.760371
2386.79	0.835650
2387.79	0.890373
2388.79	0.836648
2389.79	0.846959
2390.79	0.805346
2391.79	0.812705
2392.79	0.836008
2393.79	0.800073
2394.79	0.813026
2395.79	0.786148
2396.79	0.820713
2397.79	0.817594
2398.79	0.892702
2399.79	0.779253
2400.79	0.824721
2401.79	0.830331
2402.79	0.843558
2403.79	0.793165
2404.79	0.831669
2405.79	0.885437
2406.79	0.828459
2407.79	0.862281
2408.79	0.836012
2409.79	0.836154
2410.79	0.807781
2411.79	0.800493
2412.79	0.835464
2413.79	0.800033
2414.79	0.811663
2415.79	0.833128
2416.79	0.832961
2417.79	0.788907
2418.79	0.833636
2419.79	0.817474
2420.79	0.835743
2421.79	0.848406
2422.79	0.851738
2423.79	0.829139
2424.79	0.849017
2425.79	0.880996
2426.79	0.830777
2427.79	0.827461
2428.79	0.889806
2429.79	0.826479
2430.79	0.864831
2431.79	0.855616
2432.79	0.839468
2433.79	0.829694
2434.79	0.820904
2435.79	0.843269
2436.79	0.850234
2437.79	0.836368
2438.79	0.798701
2439.79	0.795303
2440.79	0.857478
2441.79	0.852710
2442.79	0.850987
2443.79	0.814270
2444.79	0.878959
2445.79	0.811276
2446.79	0.820671
2447.79	0.855816
2448.79	0.883846
2449.79	0.845695
2450.79	0.839604
2451.79	0.842373
2452.79	0.859960
2453.79	0.851231
2454.79	0.883056
2455.79	0.824317
2456.79	0.875038
2457.79	0.872249
2458.79	0.866664
2459.79	0.868967
2460.79	0.823242
2461.79	0.826767
2462.79	0.818188
2463.79	0.858316
2464.79	0.863447
2465.79	0.810333
2466.79	0.840568
2467.79	0.849784
2468.79	0.826345
2469.79	0.834494
2470.79	0.878849
2471.79	0.793813
2472.79	0.833615
2473.79	0.812166
2474.79	0.804395
2475.79	0.804225
2476.79	0.836893
2477.79	0.825901
2478.79	0.834631
2479.79	0.825609
2480.79	0.853544
2481.79	0.837796
2482.79	0.788266
2483.79	0.841601
2484.79	0.837430
2485.79	0.801569
2486.79	0.767508
2487.80	0.800281
2488.80	0.777662
2489.80	0.834482
2490.80	0.806870
2491.80	0.825319
2492.80	0.831244
2493.80	0.812618
2494.80	0.864743
2495.80	0.812475
2496.80	0.819759
2497.80	0.866399
2498.80	0.777044
2499.80	0.800252
2500.80	0.827030
2501.80	0.798113
2502.80	0.772353
2503.80	0.818951
2504.80	0.801989
2505.80	0.865996
2506.80	0.790680
2507.80	0.813888
2508.80	0.853570
2509.80	0.799087
2510.80	0.834834
2511.80	0.850686
2512.80	0.822045
2513.80	0.845617
2514.80	0.827620
2515.80	0.794658
2516.80	0.827094
2517.80	0.811153
2518.80	0.814082
2519.80	0.804841
2520.80	0.877365
2521.80	0.791391
2522.80	0.825130
2523.80	0.829231
2524.80	0.839697
2525.80	0.805344
2526.80	0.837557
2527.80	0.830521
2528.80	0.858020
2529.80	0.870468
2530.80	0.842606
2531.80	0.844136
2532.80	0.891678
2533.80	0.822366
2534.80	0.877102
2535.80	0.866203
2536.80	0.878601
2537.80	0.807111
2538.80	0.800194
2539.80	0.836755
2540.80	0.782756
2541.80	0.797816
2542.80	0.873711
2543.80	0.843075
2544.80	0.861015
2545.80	0.811018
2546.80	0.818399
2547.80	0.813925
2548.80	0.841571
2549.80	0.780233
2550.80	0.875374
2551.80	0.839289
2552.80	0.818619
2553.80	0.777264
2554.80	0.785810
2555.80	0.832884
2556.80	0.806604
2557.80	0.796622
2558.80	0.797919
2559.80	0.824523
2560.80	0.813318
2561.80	0.853158
2562.80	0.819351
2563.80	0.824128
2564.80	0.800979
2565.80	0.884081
2566.80	0.782874
2567.80	0.848233
2568.80	0.858544
2569.80	0.775159
2570.80	0.804950
2571.80	0.830918
2572.80	0.855001
2573.80	0.791049
2574.80	0.818480
2575.80	0.778363
2576.80	0.817907
2577.80	0.834047
2578.80	0.863270
2579.80	0.857780
2580.80	0.788986
2581.80	0.869284
2582.80	0.799833
2583.80	0.864318
2584.80	0.857486
2585.80	0.861760
2586.80	0.812807
2587.80	0.834788
2588.80	0.849044
2589.80	0.838793
2590.80	0.867267
2591.80	0.812395
2592.80	0.831412
2593.80	0.852548
2594.80	0.846519
2595.80	0.848747
2596.80	0.846051
2597.80	0.773942
2598.80	0.835546
2599.80	0.830155
2600.80	0.844074
2601.80	0.848389
2602.80	0.871813
2603.80	0.858020
2604.80	0.823516
2605.80	0.857486
2606.80	0.775258
2607.80	0.794045
2608.80	0.844325
2609.80	0.832056
2610.80	0.833283
2611.80	0.821387
2612.80	0.840769
2613.80	0.809033
2614.80	0.821224
2615.80	0.840924
2616.80	0.830115
2617.80	0.888649
2618.80	0.843874
2619.80	0.847517
2620.80	0.847173
2621.80	0.796050
2622.80	0.877189
2623.80	0.807411
2624.80	0.788969
2625.80	0.848252
2626.80	0.872393
2627.80	0.845316
2628.80	0.841847
2629.80	0.816097
2630.80	0.817253
2631.80	0.826024
2632.80	0.850456
2633.80	0.858537
2634.80	0.871734
2635.80	0.840479
2636.80	0.853648
2637.80	0.866380
2638.80	0.838427
2639.80	0.822953
2640.80	0.879873
2641.80	0.849578
2642.80	0.890082
2643.80	0.913718
2644.80	0.910443
2645.80	0.938141
2646.80	1.041570
2647.80	1.019580
2648.80	1.014980
2649.80	1.046380
2650.80	1.087340
2651.80	1.184370
2652.80	1.275720
2653.80	1.203320
2654.80	1.233900
2655.80	1.343760
2656.80	1.438680
2657.80	1.395620
2658.80	1.554920
2659.80	1.611080
2660.80	1.685370
2661.80	1.729620
2662.80	1.793320
2663.80	1.813960
2664.80	1.838800
2665.80	1.801410
2666.80	1.886870
2667.80	1.897460
2668.80	1.894580
2669.80	2.011470
2670.80	1.975060
2671.80	2.074120
2672.80	2.063280
2673.80	2.077590
2674.80	2.253810
2675.80	2.182290
2676.81	2.266110
2677.81	2.263250
2678.81	2.217480
2679.81	2.130630
2680.81	2.220210
2681.81	2.271760
2682.81	2.287430
2683.81	2.349560
2684.81	2.338920
2685.81	2.306390
2686.81	2.286900
2687.81	2.256290
2688.81	2.250800
2689.81	2.516810
2690.81	2.404010
2691.81	2.281890
2692.81	2.225930
2693.81	2.288990
2694.81	2.332420
2695.81	2.401660
2696.81	2.414790
2697.81	2.395400
2698.81	2.327080
2699.81	2.353960
2700.81	2.222430
2701.81	2.450280
2702.81	2.292020
2703.81	2.173210
2704.81	2.319090
2705.81	2.463270
2706.81	2.293960
2707.81	2.352980
2708.81	2.299180
2709.81	2.364390
2710.81	2.379640
2711.81	2.402250
2712.81	2.297490
2713.81	2.285240
2714.81	2.375270
2715.81	2.495940
2716.81	2.353170
2717.81	2.348960
2718.81	2.250050
2719.81	2.210430
2720.81	2.399030
2721.81	2.323910
2722.81	2.115010
2723.81	2.390300
2724.81	2.218570
2725.81	2.318950
2726.81	2.222330
2727.81	2.258880
2728.81	2.202170
2729.81	2.483140
2730.81	2.399140
2731.81	2.237410
2732.81	2.384170
2733.81	2.247190
2734.81	2.265150
2735.81	2.338880
2736.81	2.227730
2737.81	2.264990
2738.81	2.216000
2739.81	2.388950
2740.81	2.400900
2741.81	2.363420
2742.81	2.145740
2743.81	2.300340
2744.81	2.233350
2745.81	2.220120
2746.81	2.225050
2747.81	2.303600
2748.81	2.373250
2749.81	2.338020
2750.81	2.289080
2751.81	2.133140
2752.81	2.338600
2753.81	2.313210
2754.81	2.221040
2755.81	2.319470
2756.81	2.266250
2757.81	2.205020
2758.81	2.202910
2759.81	2.145860
2760.81	2.267110
2761.81	2.338550
2762.81	2.174380
2763.81	2.329060
2764.81	2.217850
2765.81	2.251400
2766.81	2.272950
2767.81	2.215190
2768.81	2.228620
2769.81	2.336040
2770.81	2.196540
2771.81	2.324310
2772.81	2.301150
2773.81	2.338380
2774.81	2.066890
2775.81	2.348760
2776.81	2.286790
2777.81	2.234220
2778.81	2.272320
2779.81	2.288210
2780.81	2.272030
2781.81	2.217430
2782.81	2.277180
2783.81	2.223470
2784.81	2.299760
2785.81	2.243220
2786.81	2.268710
2787.81	2.185840
2788.81	2.191080
2789.81	2.175530
2790.81	2.345170
2791.81	2.333190
2792.81	2.130100
2793.81	2.038590
2794.81	2.230300
2795.81	2.221410
2796.81	2.219980
2797.81	2.089360
2798.81	2.115160
2799.81	2.275330
2800.81	2.172060
2801.81	2.234020
2802.81	2.175390
2803.81	2.112280
2804.81	2.079560
2805.81	2.121790
2806.81	2.126560
2807.81	2.261980
2808.81	2.077180
2809.81	2.135870
2810.81	2.253430
2811.81	2.128890
2812.81	2.166700
2813.81	2.241450
2814.81	2.366840
2815.81	2.127540
2816.81	2.218290
2817.81	2.130430
2818.81	2.108780
2819.81	2.109280
2820.81	2.129740
2821.81	2.008010
2822.81	2.158910
2823.81	2.312380
2824.81	2.169520
2825.81	2.163570
2826.81	2.126510
2827.81	2.226970
2828.81	2.073150
2829.81	2.026880
2830.81	2.139860
2831.81	2.255770
2832.81	2.139970
2833.81	2.073860
2834.81	2.151850
2835.81	2.203250
2836.81	2.147150
2837.81	2.101920
2838.81	2.186250
2839.81	2.200830
2840.81	2.181160
2841.81	2.172210
2842.81	2.099690
2843.81	2.137180
2844.81	2.140430
2845.81	2.008010
2846.81	2.099760
2847.81	2.173020
2848.81	2.099220
2849.81	2.259510
2850.81	2.141790
2851.81	2.145580
2852.81	2.023080
2853.81	2.062740
2854.81	2.228760
2855.81	2.005540
2856.81	2.163980
2857.81	1.918780
2858.81	2.103080
2859.81	1.958480
2860.81	2.261960
2861.81	2.200250
2862.81	2.109370
2863.81	2.185790
2864.81	2.246500
2865.81	2.196960
2866.81	2.057460
2867.81	2.075630
2868.81	2.056830
2869.81	2.151850
2870.82	2.206560
2871.82	1.868020
2872.82	2.190120
2873.82	2.110310
2874.82	1.935300
2875.82	2.064930
2876.82	2.068140
2877.82	1.982920
2878.82	2.164700
2879.82	2.211510
2880.82	2.011270
2881.82	2.118640
2882.82	2.156750
2883.82	1.911330
2884.82	1.912570
2885.82	2.106880
2886.82	2.069230
2887.82	2.016310
2888.82	2.201560
2889.82	2.044300
2890.82	1.953350
2891.82	2.124610
2892.82	2.144830
2893.82	2.035060
2894.82	2.003200
2895.82	2.133860
2896.82	1.929210
2897.82	2.126300
2898.82	2.054030
2899.82	2.117780
2900.82	1.990940
2901.82	2.077220
2902.82	2.014680
2903.82	1.960250
2904.82	2.130280
2905.82	1.979900
2906.82	2.131910
2907.82	1.925860
2908.82	1.997570
2909.82	2.039160
2910.82	2.078130
2911.82	2.046090
2912.82	2.143000
2913.82	2.026840
2914.82	1.905510
2915.82	2.110860
2916.82	2.051320
2917.82	2.086240
2918.82	1.908800
2919.82	2.106460
2920.82	2.061500
2921.82	1.996960
2922.82	1.931000
2923.82	2.117270
2924.82	2.062340
2925.82	2.008000
2926.82	1.880800
2927.82	1.943290
2928.82	2.105820
2929.82	1.947140
2930.82	1.995560
2931.82	2.004730
2932.82	1.925640
2933.82	1.945590
2934.82	1.779830
2935.82	1.973120
2936.82	1.911990
2937.82	2.045350
2938.82	1.975110
2939.82	1.980440
2940.82	1.908280
2941.82	1.882960
2942.82	1.980730
2943.82	1.949860
2944.82	2.015280
2945.82	1.950340
2946.82	1.841800
2947.82	2.028860
2948.82	1.980810
2949.82	2.057920
2950.82	2.031420
2951.82	1.910870
2952.82	1.986290
2953.82	2.024130
2954.82	1.877610
2955.82	2.038310
2956.82	2.041940
2957.82	2.079310
2958.82	1.881980
2959.82	1.788390
2960.82	1.852110
2961.82	1.887920
2962.82	1.850110
2963.82	1.943490
2964.82	1.900910
2965.82	1.951720
2966.82	1.954980
2967.82	1.891040
2968.82	1.931450
2969.82	1.993540
2970.82	1.841170
2971.82	2.035690
2972.82	2.035830
2973.82	2.013120
2974.82	1.853420
2975.82	2.034590
2976.82	1.894820
2977.82	1.847750
2978.82	1.841920
2979.82	1.872560
2980.82	1.699180
2981.82	1.867870
2982.82	1.998940
2983.82	1.933950
2984.82	1.963100
2985.82	1.915610
2986.82	1.868200
2987.82	1.977430
2988.82	1.997210
2989.82	1.736300
2990.82	1.938160
2991.82	1.886240
2992.82	1.832340
2993.82	1.934430
2994.82	1.983940
2995.82	1.838800
2996.82	1.799090
2997.82	1.931860
2998.82	1.911870
2999.82	1.803050
3000.82	1.833430
3001.82	1.844550
3002.82	1.818800
3003.82	1.811870
3004.82	1.844630
3005.82	1.930560
3006.82	1.764100
3007.82	1.852300
3008.82	1.859610
3009.82	1.857310
3010.82	1.766360
3011.82	1.951580
3012.82	1.835000
3013.82	1.769540
3014.82	1.825720
3015.82	1.814710
3016.82	1.803840
3017.82	1.856880
3018.82	1.875250
3019.82	1.899010
3020.82	1.890360
3021.82	1.827620
3022.82	1.795200
3023.82	1.770270
3024.82	1.837110
3025.82	1.932350
3026.82	1.844010
3027.82	1.924260
3028.82	1.840690
3029.82	1.989240
3030.82	1.905560
3031.82	1.768180
3032.82	1.700940
3033.82	1.836020
3034.82	1.889020
3035.82	1.689390
3036.82	1.879410
3037.82	1.922010
3038.82	1.874590
3039.82	1.856460
3040.82	1.776480
3041.82	1.790620
3042.82	1.804180
3043.82	1.720440
3044.82	1.739760
3045.82	1.832020
3046.82	1.768320
3047.82	1.818930
3048.82	1.759690
3049.82	1.729800
3050.82	1.844610
3051.82	1.709210
3052.82	1.811130
3053.82	1.838280
3054.82	1.690710
3055.82	1.803140
3056.82	1.797470
3057.82	1.871800
3058.82	1.761770
3059.82	1.869350
3060.82	1.847690
3061.82	1.754470
3062.82	1.837020
3063.82	1.914940
3064.83	1.793420
3065.83	1.845200
3066.83	1.778190
3067.83	1.888060
3068.83	1.705320
3069.83	1.770230
3070.83	1.764540
3071.83	1.847790
3072.83	1.743210
3073.83	1.827680
3074.83	1.900080
3075.83	1.905260
3076.83	1.924580
3077.83	1.798930
3078.83	1.815500
3079.83	1.817490
3080.83	1.809770
3081.83	1.697170
3082.83	1.925910
3083.83	1.876330
3084.83	1.729610
3085.83	1.699050
3086.83	1.714210
3087.83	1.673290
3088.83	1.791320
3089.83	1.806550
3090.83	1.815090
3091.83	1.883490
3092.83	1.772300
3093.83	1.762180
3094.83	1.668340
3095.83	1.839080
3096.83	1.754660
3097.83	1.737170
3098.83	1.771810
3099.83	1.770940
3100.83	1.671290
3101.83	1.729280
3102.83	1.689190
3103.83	1.737230
3104.83	1.614600
3105.83	1.577560
3106.83	1.724130
3107.83	1.800780
3108.83	1.922860
3109.83	1.743470
3110.83	1.739800
3111.83	1.729730
3112.83	1.715720
3113.83	1.683140
3114.83	1.728340
3115.83	1.651490
3116.83	1.709140
3117.83	1.737570
3118.83	1.809470
3119.83	1.656980
3120.83	1.777170
3121.83	1.612900
3122.83	1.630620
3123.83	1.600970
3124.83	1.745790
3125.83	1.811250
3126.83	1.712170
3127.83	1.716720
3128.83	1.744830
3129.83	1.679160
3130.83	1.688770
3131.83	1.715980
3132.83	1.864760
3133.83	1.664040
3134.83	1.780330
3135.83	1.742970
3136.83	1.636300
3137.83	1.660910
3138.83	1.774370
3139.83	1.740110
3140.83	1.751770
3141.83	1.687500
3142.83	1.696940
3143.83	1.667460
3144.83	1.643880
3145.83	1.689270
3146.83	1.651620
3147.83	1.710260
3148.83	1.700520
3149.83	1.703470
3150.83	1.731120
3151.83	1.743140
3152.83	1.623430
3153.83	1.706570
3154.83	1.648800
3155.83	1.621400
3156.83	1.727670
3157.83	1.691300
3158.83	1.699350
3159.83	1.761170
3160.83	1.678540
3161.83	1.729710
3162.83	1.766700
3163.83	1.771810
3164.83	1.698680
3165.83	1.729700
3166.83	1.678750
3167.83	1.663670
3168.83	1.594180
3169.83	1.769620
3170.83	1.655530
3171.83	1.611180
3172.83	1.721940
3173.83	1.599820
3174.83	1.562160
3175.83	1.709460
3176.83	1.607820
3177.83	1.681620
3178.83	1.677850
3179.83	1.600220
3180.83	1.724130
3181.83	1.624960
3182.83	1.765940
3183.83	1.691760
3184.83	1.703670
3185.83	1.644840
3186.83	1.705860
3187.83	1.613130
3188.83	1.604440
3189.83	1.754440
3190.83	1.728420
3191.83	1.634070
3192.83	1.663760
3193.83	1.646980
3194.83	1.704550
3195.83	1.733870
3196.83	1.632690
3197.83	1.680480
3198.83	1.692840
3199.83	1.659010
3200.83	1.591690
3201.83	1.590060
3202.83	1.722600
3203.83	1.649670
3204.83	1.792200
3205.83	1.705480
3206.83	1.742060
3207.83	1.727500
3208.83	1.662670
3209.83	1.512970
3210.83	1.648330
3211.83	1.622790
3212.83	1.707830
3213.83	1.643450
3214.83	1.644170
3215.83	1.679110
3216.83	1.639220
3217.83	1.641170
3218.83	1.607220
3219.83	1.515150
3220.83	1.758260
3221.83	1.646840
3222.83	1.638390
3223.83	1.714120
3224.83	1.624690
3225.83	1.699450
3226.83	1.586470
3227.83	1.669820
3228.83	1.652500
3229.83	1.630970
3230.83	1.552550
3231.83	1.643390
3232.83	1.667790
3233.83	1.559000
3234.83	1.585110
3235.83	1.659680
3236.83	1.545860
3237.83	1.649390
3238.83	1.573960
3239.83	1.640100
3240.83	1.562160
3241.83	1.501420
3242.83	1.657720
3243.83	1.653280
3244.83	1.558100
3245.83	1.652930
3246.83	1.705770
3247.83	1.633190
3248.83	1.579100
3249.83	1.691350
3250.83	1.533910
3251.83	1.706600
3252.83	1.653810
3253.83	1.732190
3254.83	1.567990
3255.83	1.583630
3256.83	1.649980
3257.84	1.664710
3258.84	1.548690
3259.84	1.574050
3260.84	1.574540
3261.84	1.590690
3262.84	1.575380
3263.84	1.742570
3264.84	1.641820
3265.84	1.485940
3266.84	1.546090
3267.84	1.507950
3268.84	1.516950
3269.84	1.754030
3270.84	1.591340
3271.84	1.584870
3272.84	1.574550
3273.84	1.580630
3274.84	1.589450
3275.84	1.631400
3276.84	1.577970
3277.84	1.560600
3278.84	1.656750
3279.84	1.598580
3280.84	1.602400
3281.84	1.650670
3282.84	1.628460
3283.84	1.524610
3284.84	1.556540
3285.84	1.675300
3286.84	1.525320
3287.84	1.564360
3288.84	1.470330
3289.84	1.475000
3290.84	1.526990
3291.84	1.693670
3292.84	1.628400
3293.84	1.670290
3294.84	1.583520
3295.84	1.526630
3296.84	1.578780
3297.84	1.681450
3298.84	1.588240
3299.84	1.640630
3300.84	1.526860
3301.84	1.702680
3302.84	1.647730
3303.84	1.537850
3304.84	1.625240
3305.84	1.650240
3306.84	1.660150
3307.84	1.557540
3308.84	1.645160
3309.84	1.588380
3310.84	1.500640
3311.84	1.571040
3312.84	1.599110
3313.84	1.607430
3314.84	1.564620
3315.84	1.542680
3316.84	1.431080
3317.84	1.590430
3318.84	1.549220
3319.84	1.580620
3320.84	1.656980
3321.84	1.594710
3322.84	1.653020
3323.84	1.728420
3324.84	1.594030
3325.84	1.519900
3326.84	1.570860
3327.84	1.553910
3328.84	1.624450
3329.84	1.559780
3330.84	1.597900
3331.84	1.602550
3332.84	1.662180
3333.84	1.589280
3334.84	1.571270
3335.84	1.570580
3336.84	1.547080
3337.84	1.486880
3338.84	1.643680
3339.84	1.607030
3340.84	1.591590
3341.84	1.643230
3342.84	1.597580
3343.84	1.646780
3344.84	1.508120
3345.84	1.542290
3346.84	1.562560
3347.84	1.548840
3348.84	1.555190
3349.84	1.581080
3350.84	1.574860
3351.84	1.570530
3352.84	1.528840
3353.84	1.574430
3354.84	1.433090
3355.84	1.529880
3356.84	1.507920
3357.84	1.685340
3358.84	1.557950
3359.84	1.525070
3360.84	1.545290
3361.84	1.699370
3362.84	1.647520
3363.84	1.559150
3364.84	1.532040
3365.84	1.555050
3366.84	1.554120
3367.84	1.582020
3368.84	1.520400
3369.84	1.558190
3370.84	1.592560
3371.84	1.534500
3372.84	1.617040
3373.84	1.623720
3374.84	1.524210
3375.84	1.569730
3376.84	1.556800
3377.84	1.622620
3378.84	1.466790
3379.84	1.643460
3380.84	1.575900
3381.84	1.563310
3382.84	1.452990
3383.84	1.550970
3384.84	1.567080
3385.84	1.548830
3386.84	1.542700
3387.84	1.592170
3388.84	1.674210
3389.84	1.517700
3390.84	1.472770
3391.84	1.510570
3392.84	1.682700
3393.84	1.539240
3394.84	1.576090
3395.84	1.595220
3396.84	1.577160
3397.84	1.554830
3398.84	1.555910
3399.84	1.654990
3400.84	1.645820
3401.84	1.445320
3402.84	1.535260
3403.84	1.547520
3404.84	1.563980
3405.84	1.473810
3406.84	1.439500
3407.84	1.587120
3408.84	1.518870
3409.84	1.483960
3410.84	1.491120
3411.84	1.471270
3412.84	1.507370
3413.84	1.581300
3414.84	1.444680
3415.84	1.596000
3416.84	1.495420
3417.84	1.525740
3418.84	1.522050
3419.84	1.480440
3420.84	1.461320
3421.84	1.493480
3422.84	1.624600
3423.84	1.506290
3424.84	1.428740
3425.84	1.510890
3426.84	1.594250
3427.84	1.434940
3428.84	1.642160
3429.84	1.574750
3430.84	1.499920
3431.84	1.676260
3432.84	1.644850
3433.84	1.540470
3434.84	1.622200
3435.84	1.553330
3436.84	1.626810
3437.84	1.612970
3438.84	1.623720
3439.84	1.493740
3440.84	1.531670
3441.84	1.473300
3442.84	1.540660
3443.84	1.518220
3444.84	1.606500
3445.84	1.501660
3446.84	1.568060
3447.84	1.560370
3448.84	1.436130
3449.84	1.539310
3450.84	1.539500
3451.85	1.614130
3452.85	1.494260
3453.85	1.498860
3454.85	1.559150
3455.85	1.574530
3456.85	1.619580
3457.85	1.464210
3458.85	1.558910
3459.85	1.534880
3460.85	1.509090
3461.85	1.530760
3462.85	1.585980
3463.85	1.496810
3464.85	1.498470
3465.85	1.486200
3466.85	1.560670
3467.85	1.502040
3468.85	1.558990
3469.85	1.574850
3470.85	1.577990
3471.85	1.539000
3472.85	1.609270
3473.85	1.523680
3474.85	1.395630
3475.85	1.586550
3476.85	1.470010
3477.85	1.447310
3478.85	1.457390
3479.85	1.553480
3480.85	1.600960
3481.85	1.524740
3482.85	1.520350
3483.85	1.483220
3484.85	1.480320
3485.85	1.499590
3486.85	1.501620
3487.85	1.439850
3488.85	1.453800
3489.85	1.482840
3490.85	1.549750
3491.85	1.550670
3492.85	1.428260
3493.85	1.551700
3494.85	1.476340
3495.85	1.704540
3496.85	1.556750
3497.85	1.478120
3498.85	1.561790
3499.85	1.528490
3500.85	1.414730
3501.85	1.597560
3502.85	1.504900
3503.85	1.543880
3504.85	1.449920
3505.85	1.495900
3506.85	1.499570
3507.85	1.492280
3508.85	1.405500
3509.85	1.595910
3510.85	1.521870
3511.85	1.464970
3512.85	1.610590
3513.85	1.489210
3514.85	1.510620
3515.85	1.508780
3516.85	1.496050
3517.85	1.351050
3518.85	1.490780
3519.85	1.511120
3520.85	1.409810
3521.85	1.495180
3522.85	1.475990
3523.85	1.506030
3524.85	1.422270
3525.85	1.463710
3526.85	1.557860
3527.85	1.417090
3528.85	1.594030
3529.85	1.557250
3530.85	1.546090
3531.85	1.564550
3532.85	1.550350
3533.85	1.505990
3534.85	1.523480
3535.85	1.461350
3536.85	1.486010
3537.85	1.489670
3538.85	1.562190
3539.85	1.537310
3540.85	1.558910
3541.85	1.463130
3542.85	1.474280
3543.85	1.635140
3544.85	1.515810
3545.85	1.409020
3546.85	1.482540
3547.85	1.497560
3548.85	1.397540
3549.85	1.444270
3550.85	1.562290
3551.85	1.507800
3552.85	1.476790
3553.85	1.520390
3554.85	1.451140
3555.85	1.487000
3556.85	1.506280
3557.85	1.432050
3558.85	1.455690
3559.85	1.510050
3560.85	1.488330
3561.85	1.562880
3562.85	1.466050
3563.85	1.444580
3564.85	1.597370
3565.85	1.512360
3566.85	1.491140
3567.85	1.527630
3568.85	1.562380
3569.85	1.449880
3570.85	1.493370
3571.85	1.419760
3572.85	1.470820
3573.85	1.545440
3574.85	1.477480
3575.85	1.544960
3576.85	1.479570
3577.85	1.489650
3578.85	1.622300
3579.85	1.477690
3580.85	1.527700
3581.85	1.440160
3582.85	1.512810
3583.85	1.425210
3584.85	1.493030
3585.85	1.521810
3586.85	1.462120
3587.85	1.516200
3588.85	1.493750
3589.85	1.476490
3590.85	1.500580
3591.85	1.491750
3592.85	1.428140
3593.85	1.550900
3594.85	1.466640
3595.85	1.476410
3596.85	1.407070
3597.85	1.464200
3598.85	1.469430
3599.85	1.542910
3600.85	1.621690